F 	Date            	Hmsec 	ID   	Event 

List 	First 	Count  	ArrayCount 	TraverseCount 
0 	0x6728	195 	195 	195 
1 	0x0000	0 	0 	0 
2 	0x45c2	1 	1 	1 
3 	0x45f4	1 	1 	1 
4 	0x0000	0 	0 	0 
5 	0x0000	0 	0 	0 
6 	0x0000	0 	0 	0 
7 	0x0000	0 	0 	0 
8 	0x0000	0 	0 	0 
9 	0x6660	5 	5 	5 
10 	0x0000	0 	0 	0 
11 	0x0000	0 	0 	0 
12 	0x0000	0 	0 	0 
13 	0x4b6c	5 	5 	5 
14 	0x0000	0 	0 	0 
15 	0x756a	1 	1 	1 
16 	0x7600	1 	1 	1 
17 	0x7218	1 	1 	1 
18 	0x0000	0 	0 	0 
19 	0x47b6	17 	17 	17 
20 	0x0000	0 	0 	0 
21 	0x0000	0 	0 	0 
22 	0x0000	0 	0 	0 
23 	0x0000	0 	0 	0 
24 	0x4ebe	16 	16 	16 
25 	0x0000	0 	0 	0 
26 	0x54cc	17 	17 	17 
27 	0x0000	0 	0 	0 
T 	2022-02-07 10:26:33	 746 	c1931 	15665 
S

List 	First 	Count  	ArrayCount 	TraverseCount 
0 	0x5562	74 	74 	74 
1 	0x0000	0 	0 	0 
2 	0x45c2	1 	1 	1 
3 	0x45f4	1 	1 	1 
4 	0x0000	0 	0 	0 
5 	0x0000	0 	0 	0 
6 	0x0000	0 	0 	0 
7 	0x5e2c	9 	9 	9 
8 	0x0000	0 	0 	0 
9 	0x5fee	21 	21 	21 
10 	0x0000	0 	0 	0 
11 	0x0000	0 	0 	0 
12 	0x5ba2	43 	43 	43 
13 	0x6566	56 	56 	56 
14 	0x4a0e	10 	10 	10 
15 	0x756a	1 	1 	1 
16 	0x7600	1 	1 	1 
17 	0x7218	1 	1 	1 
18 	0x0000	0 	0 	0 
19 	0x47b6	17 	17 	17 
20 	0x5274	1 	1 	1 
21 	0x0000	0 	0 	0 
22 	0x0000	0 	0 	0 
23 	0x0000	0 	0 	0 
24 	0x6728	6 	6 	6 
25 	0x0000	0 	0 	0 
26 	0x54cc	17 	17 	17 
27 	0x6e62	1 	1 	1 
T 	2022-02-07 10:47:04	 915 	c1931 	15674 
S

List 	First 	Count  	ArrayCount 	TraverseCount 
0 	0x5562	70 	70 	70 
1 	0x0000	0 	0 	0 
2 	0x45c2	1 	1 	1 
3 	0x45f4	1 	1 	1 
4 	0x0000	0 	0 	0 
5 	0x0000	0 	0 	0 
6 	0x0000	0 	0 	0 
7 	0x5cce	19 	19 	19 
8 	0x0000	0 	0 	0 
9 	0x65ca	4 	4 	4 
10 	0x0000	0 	0 	0 
11 	0x0000	0 	0 	0 
12 	0x5f8a	99 	99 	99 
13 	0x4cfc	4 	4 	4 
14 	0x56f2	19 	19 	19 
15 	0x756a	1 	1 	1 
16 	0x7600	1 	1 	1 
17 	0x7218	1 	1 	1 
18 	0x0000	0 	0 	0 
19 	0x47b6	17 	17 	17 
20 	0x0000	0 	0 	0 
21 	0x0000	0 	0 	0 
22 	0x0000	0 	0 	0 
23 	0x0000	0 	0 	0 
24 	0x48b0	6 	6 	6 
25 	0x0000	0 	0 	0 
26 	0x54cc	17 	17 	17 
27 	0x0000	0 	0 	0 
T 	2022-02-07 10:51:03	 748 	c1931 	15694 
S

List 	First 	Count  	ArrayCount 	TraverseCount 
0 	0x724a	73 	73 	73 
1 	0x0000	0 	0 	0 
2 	0x45c2	1 	1 	1 
3 	0x45f4	1 	1 	1 
4 	0x0000	0 	0 	0 
5 	0x0000	0 	0 	0 
6 	0x0000	0 	0 	0 
7 	0x44fa	18 	18 	18 
8 	0x0000	0 	0 	0 
9 	0x4a0e	9 	9 	9 
10 	0x0000	0 	0 	0 
11 	0x0000	0 	0 	0 
12 	0x5562	63 	63 	63 
13 	0x71e6	23 	23 	23 
14 	0x6566	21 	21 	21 
15 	0x756a	1 	1 	1 
16 	0x7600	1 	1 	1 
17 	0x7218	1 	1 	1 
18 	0x0000	0 	0 	0 
19 	0x47b6	17 	17 	17 
20 	0x61e2	4 	4 	4 
21 	0x0000	0 	0 	0 
22 	0x0000	0 	0 	0 
23 	0x0000	0 	0 	0 
24 	0x5530	6 	6 	6 
25 	0x0000	0 	0 	0 
26 	0x54cc	17 	17 	17 
27 	0x6822	4 	4 	4 
T 	2022-02-07 11:00:11	 152 	c1931 	15708 
S

List 	First 	Count  	ArrayCount 	TraverseCount 
0 	0x7344	75 	75 	75 
1 	0x0000	0 	0 	0 
2 	0x45c2	1 	1 	1 
3 	0x45f4	1 	1 	1 
4 	0x0000	0 	0 	0 
5 	0x0000	0 	0 	0 
6 	0x0000	0 	0 	0 
7 	0x5a76	13 	13 	13 
8 	0x0000	0 	0 	0 
9 	0x72e0	27 	27 	27 
10 	0x0000	0 	0 	0 
11 	0x0000	0 	0 	0 
12 	0x4ad6	23 	23 	23 
13 	0x5e2c	55 	55 	55 
14 	0x65fc	14 	14 	14 
15 	0x756a	1 	1 	1 
16 	0x7600	1 	1 	1 
17 	0x7218	1 	1 	1 
18 	0x0000	0 	0 	0 
19 	0x47b6	17 	17 	17 
20 	0x4f54	4 	4 	4 
21 	0x0000	0 	0 	0 
22 	0x0000	0 	0 	0 
23 	0x0000	0 	0 	0 
24 	0x6980	6 	6 	6 
25 	0x0000	0 	0 	0 
26 	0x54cc	17 	17 	17 
27 	0x565c	4 	4 	4 
T 	2022-02-07 11:27:00	 820 	c1931 	15715 
S

List 	First 	Count  	ArrayCount 	TraverseCount 
0 	0x5d64	75 	75 	75 
1 	0x0000	0 	0 	0 
2 	0x45c2	1 	1 	1 
3 	0x45f4	1 	1 	1 
4 	0x0000	0 	0 	0 
5 	0x0000	0 	0 	0 
6 	0x0000	0 	0 	0 
7 	0x71e6	23 	23 	23 
8 	0x0000	0 	0 	0 
9 	0x5724	45 	45 	45 
10 	0x0000	0 	0 	0 
11 	0x0000	0 	0 	0 
12 	0x7696	13 	13 	13 
13 	0x5882	47 	47 	47 
14 	0x4c34	12 	12 	12 
15 	0x756a	1 	1 	1 
16 	0x7600	1 	1 	1 
17 	0x7218	1 	1 	1 
18 	0x0000	0 	0 	0 
19 	0x47b6	13 	13 	13 
20 	0x4400	4 	4 	4 
21 	0x0000	0 	0 	0 
22 	0x0000	0 	0 	0 
23 	0x0000	0 	0 	0 
24 	0x7344	6 	6 	6 
25 	0x0000	0 	0 	0 
26 	0x54cc	13 	13 	13 
27 	0x5080	4 	4 	4 
T 	2022-02-07 12:11:58	 620 	c1931 	15719 
S

List 	First 	Count  	ArrayCount 	TraverseCount 
0 	0x6f2a	75 	75 	75 
1 	0x0000	0 	0 	0 
2 	0x45c2	1 	1 	1 
3 	0x45f4	1 	1 	1 
4 	0x0000	0 	0 	0 
5 	0x0000	0 	0 	0 
6 	0x0000	0 	0 	0 
7 	0x67f0	48 	48 	48 
8 	0x0000	0 	0 	0 
9 	0x4658	46 	46 	46 
10 	0x0000	0 	0 	0 
11 	0x0000	0 	0 	0 
12 	0x0000	0 	0 	0 
13 	0x5562	45 	45 	45 
14 	0x5210	17 	17 	17 
15 	0x756a	1 	1 	1 
16 	0x7600	1 	1 	1 
17 	0x7218	1 	1 	1 
18 	0x0000	0 	0 	0 
19 	0x47b6	9 	9 	9 
20 	0x0000	0 	0 	0 
21 	0x0000	0 	0 	0 
22 	0x0000	0 	0 	0 
23 	0x0000	0 	0 	0 
24 	0x44fa	6 	6 	6 
25 	0x0000	0 	0 	0 
26 	0x54cc	9 	9 	9 
27 	0x0000	0 	0 	0 
T 	2022-02-07 12:57:58	 560 	c1931 	15719 
S

List 	First 	Count  	ArrayCount 	TraverseCount 
0 	0x6d04	75 	75 	75 
1 	0x0000	0 	0 	0 
2 	0x45c2	1 	1 	1 
3 	0x45f4	1 	1 	1 
4 	0x0000	0 	0 	0 
5 	0x0000	0 	0 	0 
6 	0x0000	0 	0 	0 
7 	0x6c0a	26 	26 	26 
8 	0x0000	0 	0 	0 
9 	0x6340	61 	61 	61 
10 	0x0000	0 	0 	0 
11 	0x0000	0 	0 	0 
12 	0x0000	0 	0 	0 
13 	0x6f5c	61 	61 	61 
14 	0x724a	8 	8 	8 
15 	0x756a	1 	1 	1 
16 	0x7600	1 	1 	1 
17 	0x7218	1 	1 	1 
18 	0x0000	0 	0 	0 
19 	0x47b6	9 	9 	9 
20 	0x0000	0 	0 	0 
21 	0x0000	0 	0 	0 
22 	0x0000	0 	0 	0 
23 	0x0000	0 	0 	0 
24 	0x530a	6 	6 	6 
25 	0x0000	0 	0 	0 
26 	0x54cc	9 	9 	9 
27 	0x0000	0 	0 	0 
T 	2022-02-07 13:59:00	 662 	c1931 	15719 
S

List 	First 	Count  	ArrayCount 	TraverseCount 
0 	0x6246	75 	75 	75 
1 	0x0000	0 	0 	0 
2 	0x45c2	1 	1 	1 
3 	0x45f4	1 	1 	1 
4 	0x0000	0 	0 	0 
5 	0x0000	0 	0 	0 
6 	0x0000	0 	0 	0 
7 	0x5cce	51 	51 	51 
8 	0x0000	0 	0 	0 
9 	0x5c06	52 	52 	52 
10 	0x0000	0 	0 	0 
11 	0x0000	0 	0 	0 
12 	0x0000	0 	0 	0 
13 	0x7470	52 	52 	52 
14 	0x6aac	5 	5 	5 
15 	0x756a	1 	1 	1 
16 	0x7600	1 	1 	1 
17 	0x7218	1 	1 	1 
18 	0x0000	0 	0 	0 
19 	0x47b6	7 	7 	7 
20 	0x0000	0 	0 	0 
21 	0x0000	0 	0 	0 
22 	0x0000	0 	0 	0 
23 	0x0000	0 	0 	0 
24 	0x6d04	6 	6 	6 
25 	0x0000	0 	0 	0 
26 	0x54cc	7 	7 	7 
27 	0x0000	0 	0 	0 
T 	2022-02-07 14:51:24	 567 	c1931 	15719 
S

List 	First 	Count  	ArrayCount 	TraverseCount 
0 	0x5274	75 	75 	75 
1 	0x0000	0 	0 	0 
2 	0x45c2	1 	1 	1 
3 	0x45f4	1 	1 	1 
4 	0x0000	0 	0 	0 
5 	0x0000	0 	0 	0 
6 	0x0000	0 	0 	0 
7 	0x6246	15 	15 	15 
8 	0x0000	0 	0 	0 
9 	0x6a16	72 	72 	72 
10 	0x0000	0 	0 	0 
11 	0x0000	0 	0 	0 
12 	0x0000	0 	0 	0 
13 	0x481a	72 	72 	72 
14 	0x68ea	3 	3 	3 
15 	0x756a	1 	1 	1 
16 	0x7600	1 	1 	1 
17 	0x7218	1 	1 	1 
18 	0x0000	0 	0 	0 
19 	0x47b6	6 	6 	6 
20 	0x0000	0 	0 	0 
21 	0x0000	0 	0 	0 
22 	0x0000	0 	0 	0 
23 	0x0000	0 	0 	0 
24 	0x6f5c	6 	6 	6 
25 	0x0000	0 	0 	0 
26 	0x54cc	6 	6 	6 
27 	0x0000	0 	0 	0 
T 	2022-02-07 16:03:00	 606 	c1931 	15719 
S

List 	First 	Count  	ArrayCount 	TraverseCount 
0 	0x481a	75 	75 	75 
1 	0x0000	0 	0 	0 
2 	0x45c2	1 	1 	1 
3 	0x45f4	1 	1 	1 
4 	0x0000	0 	0 	0 
5 	0x0000	0 	0 	0 
6 	0x0000	0 	0 	0 
7 	0x64d0	40 	40 	40 
8 	0x0000	0 	0 	0 
9 	0x53d2	57 	57 	57 
10 	0x0000	0 	0 	0 
11 	0x0000	0 	0 	0 
12 	0x0000	0 	0 	0 
13 	0x6bd8	57 	57 	57 
14 	0x67be	8 	8 	8 
15 	0x756a	1 	1 	1 
16 	0x7600	1 	1 	1 
17 	0x7218	1 	1 	1 
18 	0x0000	0 	0 	0 
19 	0x47b6	6 	6 	6 
20 	0x0000	0 	0 	0 
21 	0x0000	0 	0 	0 
22 	0x0000	0 	0 	0 
23 	0x0000	0 	0 	0 
24 	0x5274	6 	6 	6 
25 	0x0000	0 	0 	0 
26 	0x54cc	6 	6 	6 
27 	0x0000	0 	0 	0 
T 	2022-02-07 17:00:00	 612 	c1931 	15719 
S

List 	First 	Count  	ArrayCount 	TraverseCount 
0 	0x6566	75 	75 	75 
1 	0x0000	0 	0 	0 
2 	0x45c2	1 	1 	1 
3 	0x45f4	1 	1 	1 
4 	0x0000	0 	0 	0 
5 	0x0000	0 	0 	0 
6 	0x0000	0 	0 	0 
7 	0x0000	0 	0 	0 
8 	0x0000	0 	0 	0 
9 	0x4c34	81 	81 	81 
10 	0x0000	0 	0 	0 
11 	0x0000	0 	0 	0 
12 	0x0000	0 	0 	0 
13 	0x649e	81 	81 	81 
14 	0x0000	0 	0 	0 
15 	0x756a	1 	1 	1 
16 	0x7600	1 	1 	1 
17 	0x7218	1 	1 	1 
18 	0x0000	0 	0 	0 
19 	0x47b6	6 	6 	6 
20 	0x0000	0 	0 	0 
21 	0x0000	0 	0 	0 
22 	0x0000	0 	0 	0 
23 	0x0000	0 	0 	0 
24 	0x481a	6 	6 	6 
25 	0x0000	0 	0 	0 
26 	0x54cc	6 	6 	6 
27 	0x0000	0 	0 	0 
T 	2022-02-07 18:21:00	 565 	c1931 	15719 
S

List 	First 	Count  	ArrayCount 	TraverseCount 
0 	0x4a72	75 	75 	75 
1 	0x0000	0 	0 	0 
2 	0x45c2	1 	1 	1 
3 	0x45f4	1 	1 	1 
4 	0x0000	0 	0 	0 
5 	0x0000	0 	0 	0 
6 	0x0000	0 	0 	0 
7 	0x0000	0 	0 	0 
8 	0x0000	0 	0 	0 
9 	0x6f8e	81 	81 	81 
10 	0x0000	0 	0 	0 
11 	0x0000	0 	0 	0 
12 	0x0000	0 	0 	0 
13 	0x6020	81 	81 	81 
14 	0x0000	0 	0 	0 
15 	0x756a	1 	1 	1 
16 	0x7600	1 	1 	1 
17 	0x7218	1 	1 	1 
18 	0x0000	0 	0 	0 
19 	0x47b6	6 	6 	6 
20 	0x0000	0 	0 	0 
21 	0x0000	0 	0 	0 
22 	0x0000	0 	0 	0 
23 	0x0000	0 	0 	0 
24 	0x6566	6 	6 	6 
25 	0x0000	0 	0 	0 
26 	0x54cc	6 	6 	6 
27 	0x0000	0 	0 	0 
T 	2022-02-07 19:42:00	 606 	c1931 	15719 
S

List 	First 	Count  	ArrayCount 	TraverseCount 
0 	0x4e28	75 	75 	75 
1 	0x0000	0 	0 	0 
2 	0x45c2	1 	1 	1 
3 	0x45f4	1 	1 	1 
4 	0x0000	0 	0 	0 
5 	0x0000	0 	0 	0 
6 	0x0000	0 	0 	0 
7 	0x0000	0 	0 	0 
8 	0x0000	0 	0 	0 
9 	0x57ec	81 	81 	81 
10 	0x0000	0 	0 	0 
11 	0x0000	0 	0 	0 
12 	0x0000	0 	0 	0 
13 	0x63d6	81 	81 	81 
14 	0x0000	0 	0 	0 
15 	0x756a	1 	1 	1 
16 	0x7600	1 	1 	1 
17 	0x7218	1 	1 	1 
18 	0x0000	0 	0 	0 
19 	0x47b6	6 	6 	6 
20 	0x0000	0 	0 	0 
21 	0x0000	0 	0 	0 
22 	0x0000	0 	0 	0 
23 	0x0000	0 	0 	0 
24 	0x4a72	6 	6 	6 
25 	0x0000	0 	0 	0 
26 	0x54cc	6 	6 	6 
27 	0x0000	0 	0 	0 
T 	2022-02-07 21:03:00	 610 	c1931 	15719 
S

List 	First 	Count  	ArrayCount 	TraverseCount 
0 	0x594a	75 	75 	75 
1 	0x0000	0 	0 	0 
2 	0x45c2	1 	1 	1 
3 	0x45f4	1 	1 	1 
4 	0x0000	0 	0 	0 
5 	0x0000	0 	0 	0 
6 	0x0000	0 	0 	0 
7 	0x0000	0 	0 	0 
8 	0x0000	0 	0 	0 
9 	0x5d00	81 	81 	81 
10 	0x0000	0 	0 	0 
11 	0x0000	0 	0 	0 
12 	0x0000	0 	0 	0 
13 	0x568e	81 	81 	81 
14 	0x0000	0 	0 	0 
15 	0x756a	1 	1 	1 
16 	0x7600	1 	1 	1 
17 	0x7218	1 	1 	1 
18 	0x0000	0 	0 	0 
19 	0x47b6	6 	6 	6 
20 	0x0000	0 	0 	0 
21 	0x0000	0 	0 	0 
22 	0x0000	0 	0 	0 
23 	0x0000	0 	0 	0 
24 	0x4e28	6 	6 	6 
25 	0x0000	0 	0 	0 
26 	0x54cc	6 	6 	6 
27 	0x0000	0 	0 	0 
T 	2022-02-07 22:24:00	 610 	c1931 	15719 
S

List 	First 	Count  	ArrayCount 	TraverseCount 
0 	0x7696	75 	75 	75 
1 	0x0000	0 	0 	0 
2 	0x45c2	1 	1 	1 
3 	0x45f4	1 	1 	1 
4 	0x0000	0 	0 	0 
5 	0x0000	0 	0 	0 
6 	0x0000	0 	0 	0 
7 	0x0000	0 	0 	0 
8 	0x0000	0 	0 	0 
9 	0x4d92	81 	81 	81 
10 	0x0000	0 	0 	0 
11 	0x0000	0 	0 	0 
12 	0x0000	0 	0 	0 
13 	0x5e90	81 	81 	81 
14 	0x0000	0 	0 	0 
15 	0x756a	1 	1 	1 
16 	0x7600	1 	1 	1 
17 	0x7218	1 	1 	1 
18 	0x0000	0 	0 	0 
19 	0x47b6	6 	6 	6 
20 	0x0000	0 	0 	0 
21 	0x0000	0 	0 	0 
22 	0x0000	0 	0 	0 
23 	0x0000	0 	0 	0 
24 	0x594a	6 	6 	6 
25 	0x0000	0 	0 	0 
26 	0x54cc	6 	6 	6 
27 	0x0000	0 	0 	0 
T 	2022-02-07 23:45:00	 614 	c1931 	15719 
S

List 	First 	Count  	ArrayCount 	TraverseCount 
0 	0x4c02	75 	75 	75 
1 	0x0000	0 	0 	0 
2 	0x45c2	1 	1 	1 
3 	0x45f4	1 	1 	1 
4 	0x0000	0 	0 	0 
5 	0x0000	0 	0 	0 
6 	0x0000	0 	0 	0 
7 	0x0000	0 	0 	0 
8 	0x0000	0 	0 	0 
9 	0x6340	81 	81 	81 
10 	0x0000	0 	0 	0 
11 	0x0000	0 	0 	0 
12 	0x0000	0 	0 	0 
13 	0x50b2	81 	81 	81 
14 	0x0000	0 	0 	0 
15 	0x756a	1 	1 	1 
16 	0x7600	1 	1 	1 
17 	0x7218	1 	1 	1 
18 	0x0000	0 	0 	0 
19 	0x47b6	6 	6 	6 
20 	0x0000	0 	0 	0 
21 	0x0000	0 	0 	0 
22 	0x0000	0 	0 	0 
23 	0x0000	0 	0 	0 
24 	0x7696	6 	6 	6 
25 	0x0000	0 	0 	0 
26 	0x54cc	6 	6 	6 
27 	0x0000	0 	0 	0 
T 	2022-02-08 01:06:00	 553 	c1931 	15719 
S

List 	First 	Count  	ArrayCount 	TraverseCount 
0 	0x743e	75 	75 	75 
1 	0x0000	0 	0 	0 
2 	0x45c2	1 	1 	1 
3 	0x45f4	1 	1 	1 
4 	0x0000	0 	0 	0 
5 	0x0000	0 	0 	0 
6 	0x0000	0 	0 	0 
7 	0x0000	0 	0 	0 
8 	0x0000	0 	0 	0 
9 	0x6534	81 	81 	81 
10 	0x0000	0 	0 	0 
11 	0x0000	0 	0 	0 
12 	0x0000	0 	0 	0 
13 	0x5c6a	81 	81 	81 
14 	0x0000	0 	0 	0 
15 	0x756a	1 	1 	1 
16 	0x7600	1 	1 	1 
17 	0x7218	1 	1 	1 
18 	0x0000	0 	0 	0 
19 	0x47b6	6 	6 	6 
20 	0x0000	0 	0 	0 
21 	0x0000	0 	0 	0 
22 	0x0000	0 	0 	0 
23 	0x0000	0 	0 	0 
24 	0x4c02	6 	6 	6 
25 	0x0000	0 	0 	0 
26 	0x54cc	6 	6 	6 
27 	0x0000	0 	0 	0 
T 	2022-02-08 02:27:00	 606 	c1931 	15719 
S

List 	First 	Count  	ArrayCount 	TraverseCount 
0 	0x6408	75 	75 	75 
1 	0x0000	0 	0 	0 
2 	0x45c2	1 	1 	1 
3 	0x45f4	1 	1 	1 
4 	0x0000	0 	0 	0 
5 	0x0000	0 	0 	0 
6 	0x0000	0 	0 	0 
7 	0x0000	0 	0 	0 
8 	0x0000	0 	0 	0 
9 	0x662e	81 	81 	81 
10 	0x0000	0 	0 	0 
11 	0x0000	0 	0 	0 
12 	0x0000	0 	0 	0 
13 	0x71e6	81 	81 	81 
14 	0x0000	0 	0 	0 
15 	0x756a	1 	1 	1 
16 	0x7600	1 	1 	1 
17 	0x7218	1 	1 	1 
18 	0x0000	0 	0 	0 
19 	0x47b6	6 	6 	6 
20 	0x0000	0 	0 	0 
21 	0x0000	0 	0 	0 
22 	0x0000	0 	0 	0 
23 	0x0000	0 	0 	0 
24 	0x743e	6 	6 	6 
25 	0x0000	0 	0 	0 
26 	0x54cc	6 	6 	6 
27 	0x0000	0 	0 	0 
T 	2022-02-08 03:48:00	 553 	c1931 	15719 
S

List 	First 	Count  	ArrayCount 	TraverseCount 
0 	0x6d68	75 	75 	75 
1 	0x0000	0 	0 	0 
2 	0x45c2	1 	1 	1 
3 	0x45f4	1 	1 	1 
4 	0x0000	0 	0 	0 
5 	0x0000	0 	0 	0 
6 	0x0000	0 	0 	0 
7 	0x0000	0 	0 	0 
8 	0x0000	0 	0 	0 
9 	0x6214	81 	81 	81 
10 	0x0000	0 	0 	0 
11 	0x0000	0 	0 	0 
12 	0x0000	0 	0 	0 
13 	0x67be	81 	81 	81 
14 	0x0000	0 	0 	0 
15 	0x756a	1 	1 	1 
16 	0x7600	1 	1 	1 
17 	0x7218	1 	1 	1 
18 	0x0000	0 	0 	0 
19 	0x47b6	6 	6 	6 
20 	0x0000	0 	0 	0 
21 	0x0000	0 	0 	0 
22 	0x0000	0 	0 	0 
23 	0x0000	0 	0 	0 
24 	0x6408	6 	6 	6 
25 	0x0000	0 	0 	0 
26 	0x54cc	6 	6 	6 
27 	0x0000	0 	0 	0 
T 	2022-02-08 05:09:00	 561 	c1931 	15719 
S

List 	First 	Count  	ArrayCount 	TraverseCount 
0 	0x48e2	75 	75 	75 
1 	0x0000	0 	0 	0 
2 	0x45c2	1 	1 	1 
3 	0x45f4	1 	1 	1 
4 	0x0000	0 	0 	0 
5 	0x0000	0 	0 	0 
6 	0x0000	0 	0 	0 
7 	0x0000	0 	0 	0 
8 	0x0000	0 	0 	0 
9 	0x455e	81 	81 	81 
10 	0x0000	0 	0 	0 
11 	0x0000	0 	0 	0 
12 	0x0000	0 	0 	0 
13 	0x5e2c	81 	81 	81 
14 	0x0000	0 	0 	0 
15 	0x756a	1 	1 	1 
16 	0x7600	1 	1 	1 
17 	0x7218	1 	1 	1 
18 	0x0000	0 	0 	0 
19 	0x47b6	6 	6 	6 
20 	0x0000	0 	0 	0 
21 	0x0000	0 	0 	0 
22 	0x0000	0 	0 	0 
23 	0x0000	0 	0 	0 
24 	0x6d68	6 	6 	6 
25 	0x0000	0 	0 	0 
26 	0x54cc	6 	6 	6 
27 	0x0000	0 	0 	0 
T 	2022-02-08 06:30:00	 560 	c1931 	15719 
S

List 	First 	Count  	ArrayCount 	TraverseCount 
0 	0x71b4	75 	75 	75 
1 	0x0000	0 	0 	0 
2 	0x45c2	1 	1 	1 
3 	0x45f4	1 	1 	1 
4 	0x0000	0 	0 	0 
5 	0x0000	0 	0 	0 
6 	0x0000	0 	0 	0 
7 	0x6084	8 	8 	8 
8 	0x0000	0 	0 	0 
9 	0x6f2a	75 	75 	75 
10 	0x0000	0 	0 	0 
11 	0x0000	0 	0 	0 
12 	0x0000	0 	0 	0 
13 	0x46bc	75 	75 	75 
14 	0x59e0	4 	4 	4 
15 	0x756a	1 	1 	1 
16 	0x7600	1 	1 	1 
17 	0x7218	1 	1 	1 
18 	0x0000	0 	0 	0 
19 	0x47b6	6 	6 	6 
20 	0x0000	0 	0 	0 
21 	0x0000	0 	0 	0 
22 	0x0000	0 	0 	0 
23 	0x0000	0 	0 	0 
24 	0x48e2	6 	6 	6 
25 	0x0000	0 	0 	0 
26 	0x54cc	6 	6 	6 
27 	0x0000	0 	0 	0 
T 	2022-02-08 07:45:00	 614 	c1931 	15719 
S

List 	First 	Count  	ArrayCount 	TraverseCount 
0 	0x5cce	75 	75 	75 
1 	0x0000	0 	0 	0 
2 	0x45c2	1 	1 	1 
3 	0x45f4	1 	1 	1 
4 	0x0000	0 	0 	0 
5 	0x0000	0 	0 	0 
6 	0x0000	0 	0 	0 
7 	0x4d92	30 	30 	30 
8 	0x0000	0 	0 	0 
9 	0x56f2	59 	59 	59 
10 	0x0000	0 	0 	0 
11 	0x0000	0 	0 	0 
12 	0x0000	0 	0 	0 
13 	0x73da	59 	59 	59 
14 	0x4b9e	14 	14 	14 
15 	0x756a	1 	1 	1 
16 	0x7600	1 	1 	1 
17 	0x7218	1 	1 	1 
18 	0x0000	0 	0 	0 
19 	0x47b6	6 	6 	6 
20 	0x0000	0 	0 	0 
21 	0x0000	0 	0 	0 
22 	0x0000	0 	0 	0 
23 	0x0000	0 	0 	0 
24 	0x71b4	6 	6 	6 
25 	0x0000	0 	0 	0 
26 	0x54cc	6 	6 	6 
27 	0x0000	0 	0 	0 
T 	2022-02-08 08:44:00	 607 	c1931 	15719 
S

List 	First 	Count  	ArrayCount 	TraverseCount 
0 	0x5dfa	74 	74 	74 
1 	0x0000	0 	0 	0 
2 	0x45c2	1 	1 	1 
3 	0x45f4	1 	1 	1 
4 	0x0000	0 	0 	0 
5 	0x0000	0 	0 	0 
6 	0x0000	0 	0 	0 
7 	0x6b42	16 	16 	16 
8 	0x0000	0 	0 	0 
9 	0x5274	73 	73 	73 
10 	0x0000	0 	0 	0 
11 	0x0000	0 	0 	0 
12 	0x0000	0 	0 	0 
13 	0x65fc	73 	73 	73 
14 	0x4b3a	1 	1 	1 
15 	0x756a	1 	1 	1 
16 	0x7600	1 	1 	1 
17 	0x7218	1 	1 	1 
18 	0x0000	0 	0 	0 
19 	0x47b6	6 	6 	6 
20 	0x0000	0 	0 	0 
21 	0x0000	0 	0 	0 
22 	0x0000	0 	0 	0 
23 	0x0000	0 	0 	0 
24 	0x5cce	6 	6 	6 
25 	0x0000	0 	0 	0 
26 	0x54cc	6 	6 	6 
27 	0x0000	0 	0 	0 
T 	2022-02-08 09:57:00	 618 	c1931 	15719 
S

List 	First 	Count  	ArrayCount 	TraverseCount 
0 	0x536e	75 	75 	75 
1 	0x0000	0 	0 	0 
2 	0x45c2	1 	1 	1 
3 	0x45f4	1 	1 	1 
4 	0x0000	0 	0 	0 
5 	0x0000	0 	0 	0 
6 	0x0000	0 	0 	0 
7 	0x75ce	21 	21 	21 
8 	0x0000	0 	0 	0 
9 	0x5562	68 	68 	68 
10 	0x0000	0 	0 	0 
11 	0x0000	0 	0 	0 
12 	0x0000	0 	0 	0 
13 	0x72e0	68 	68 	68 
14 	0x69e4	7 	7 	7 
15 	0x756a	1 	1 	1 
16 	0x7600	1 	1 	1 
17 	0x7218	1 	1 	1 
18 	0x0000	0 	0 	0 
19 	0x47b6	5 	5 	5 
20 	0x0000	0 	0 	0 
21 	0x0000	0 	0 	0 
22 	0x0000	0 	0 	0 
23 	0x0000	0 	0 	0 
24 	0x73da	6 	6 	6 
25 	0x0000	0 	0 	0 
26 	0x54cc	5 	5 	5 
27 	0x0000	0 	0 	0 
T 	2022-02-08 11:05:00	 610 	c1931 	15719 
S

List 	First 	Count  	ArrayCount 	TraverseCount 
0 	0x72e0	75 	75 	75 
1 	0x0000	0 	0 	0 
2 	0x45c2	1 	1 	1 
3 	0x45f4	1 	1 	1 
4 	0x0000	0 	0 	0 
5 	0x0000	0 	0 	0 
6 	0x0000	0 	0 	0 
7 	0x5e2c	68 	68 	68 
8 	0x0000	0 	0 	0 
9 	0x6d9a	39 	39 	39 
10 	0x0000	0 	0 	0 
11 	0x0000	0 	0 	0 
12 	0x0000	0 	0 	0 
13 	0x66f6	39 	39 	39 
14 	0x549a	16 	16 	16 
15 	0x756a	1 	1 	1 
16 	0x7600	1 	1 	1 
17 	0x7218	1 	1 	1 
18 	0x0000	0 	0 	0 
19 	0x47b6	6 	6 	6 
20 	0x0000	0 	0 	0 
21 	0x0000	0 	0 	0 
22 	0x0000	0 	0 	0 
23 	0x0000	0 	0 	0 
24 	0x536e	6 	6 	6 
25 	0x0000	0 	0 	0 
26 	0x54cc	6 	6 	6 
27 	0x0000	0 	0 	0 
T 	2022-02-08 11:44:00	 564 	c1931 	15719 
S

List 	First 	Count  	ArrayCount 	TraverseCount 
0 	0x4fb8	75 	75 	75 
1 	0x0000	0 	0 	0 
2 	0x45c2	1 	1 	1 
3 	0x45f4	1 	1 	1 
4 	0x0000	0 	0 	0 
5 	0x0000	0 	0 	0 
6 	0x0000	0 	0 	0 
7 	0x7470	39 	39 	39 
8 	0x0000	0 	0 	0 
9 	0x4a72	58 	58 	58 
10 	0x0000	0 	0 	0 
11 	0x0000	0 	0 	0 
12 	0x0000	0 	0 	0 
13 	0x4dc4	58 	58 	58 
14 	0x67be	5 	5 	5 
15 	0x756a	1 	1 	1 
16 	0x7600	1 	1 	1 
17 	0x7218	1 	1 	1 
18 	0x0000	0 	0 	0 
19 	0x47b6	7 	7 	7 
20 	0x0000	0 	0 	0 
21 	0x0000	0 	0 	0 
22 	0x0000	0 	0 	0 
23 	0x0000	0 	0 	0 
24 	0x72e0	6 	6 	6 
25 	0x0000	0 	0 	0 
26 	0x54cc	7 	7 	7 
27 	0x0000	0 	0 	0 
T 	2022-02-08 12:42:02	1008 	c1931 	15719 
S

List 	First 	Count  	ArrayCount 	TraverseCount 
0 	0x4fea	75 	75 	75 
1 	0x0000	0 	0 	0 
2 	0x45c2	1 	1 	1 
3 	0x45f4	1 	1 	1 
4 	0x0000	0 	0 	0 
5 	0x0000	0 	0 	0 
6 	0x0000	0 	0 	0 
7 	0x5850	84 	84 	84 
8 	0x0000	0 	0 	0 
9 	0x5116	34 	34 	34 
10 	0x0000	0 	0 	0 
11 	0x0000	0 	0 	0 
12 	0x0000	0 	0 	0 
13 	0x6ba6	34 	34 	34 
14 	0x6dcc	10 	10 	10 
15 	0x756a	1 	1 	1 
16 	0x7600	1 	1 	1 
17 	0x7218	1 	1 	1 
18 	0x0000	0 	0 	0 
19 	0x47b6	6 	6 	6 
20 	0x0000	0 	0 	0 
21 	0x0000	0 	0 	0 
22 	0x0000	0 	0 	0 
23 	0x0000	0 	0 	0 
24 	0x4fb8	6 	6 	6 
25 	0x0000	0 	0 	0 
26 	0x54cc	6 	6 	6 
27 	0x0000	0 	0 	0 
T 	2022-02-08 13:16:00	 862 	c1931 	15719 
S

List 	First 	Count  	ArrayCount 	TraverseCount 
0 	0x4a72	75 	75 	75 
1 	0x0000	0 	0 	0 
2 	0x45c2	1 	1 	1 
3 	0x45f4	1 	1 	1 
4 	0x0000	0 	0 	0 
5 	0x0000	0 	0 	0 
6 	0x0000	0 	0 	0 
7 	0x5788	28 	28 	28 
8 	0x0000	0 	0 	0 
9 	0x55c6	65 	65 	65 
10 	0x0000	0 	0 	0 
11 	0x0000	0 	0 	0 
12 	0x0000	0 	0 	0 
13 	0x61e2	64 	64 	64 
14 	0x6084	7 	7 	7 
15 	0x756a	1 	1 	1 
16 	0x7600	1 	1 	1 
17 	0x7218	1 	1 	1 
18 	0x0000	0 	0 	0 
19 	0x47b6	5 	5 	5 
20 	0x0000	0 	0 	0 
21 	0x0000	0 	0 	0 
22 	0x0000	0 	0 	0 
23 	0x0000	0 	0 	0 
24 	0x4c98	6 	6 	6 
25 	0x0000	0 	0 	0 
26 	0x54cc	5 	5 	5 
27 	0x0000	0 	0 	0 
T 	2022-02-08 14:20:58	 565 	c1931 	15719 
S

List 	First 	Count  	ArrayCount 	TraverseCount 
0 	0x6886	75 	75 	75 
1 	0x0000	0 	0 	0 
2 	0x45c2	1 	1 	1 
3 	0x45f4	1 	1 	1 
4 	0x0000	0 	0 	0 
5 	0x0000	0 	0 	0 
6 	0x0000	0 	0 	0 
7 	0x6f8e	28 	28 	28 
8 	0x0000	0 	0 	0 
9 	0x44fa	65 	65 	65 
10 	0x0000	0 	0 	0 
11 	0x0000	0 	0 	0 
12 	0x0000	0 	0 	0 
13 	0x5594	65 	65 	65 
14 	0x675a	6 	6 	6 
15 	0x756a	1 	1 	1 
16 	0x7600	1 	1 	1 
17 	0x7218	1 	1 	1 
18 	0x0000	0 	0 	0 
19 	0x47b6	5 	5 	5 
20 	0x0000	0 	0 	0 
21 	0x0000	0 	0 	0 
22 	0x0000	0 	0 	0 
23 	0x0000	0 	0 	0 
24 	0x58b4	6 	6 	6 
25 	0x0000	0 	0 	0 
26 	0x54cc	5 	5 	5 
27 	0x0000	0 	0 	0 
T 	2022-02-08 15:26:00	 607 	c1931 	15719 
S

List 	First 	Count  	ArrayCount 	TraverseCount 
0 	0x5ef4	75 	75 	75 
1 	0x0000	0 	0 	0 
2 	0x45c2	1 	1 	1 
3 	0x45f4	1 	1 	1 
4 	0x0000	0 	0 	0 
5 	0x0000	0 	0 	0 
6 	0x0000	0 	0 	0 
7 	0x5c9c	20 	20 	20 
8 	0x0000	0 	0 	0 
9 	0x63d6	67 	67 	67 
10 	0x0000	0 	0 	0 
11 	0x0000	0 	0 	0 
12 	0x0000	0 	0 	0 
13 	0x6ca0	67 	67 	67 
14 	0x73da	10 	10 	10 
15 	0x756a	1 	1 	1 
16 	0x7600	1 	1 	1 
17 	0x7218	1 	1 	1 
18 	0x0000	0 	0 	0 
19 	0x47b6	5 	5 	5 
20 	0x0000	0 	0 	0 
21 	0x0000	0 	0 	0 
22 	0x0000	0 	0 	0 
23 	0x0000	0 	0 	0 
24 	0x6886	6 	6 	6 
25 	0x0000	0 	0 	0 
26 	0x54cc	5 	5 	5 
27 	0x0000	0 	0 	0 
T 	2022-02-08 16:33:18	 866 	c1931 	15719 
S

List 	First 	Count  	ArrayCount 	TraverseCount 
0 	0x5724	75 	75 	75 
1 	0x0000	0 	0 	0 
2 	0x45c2	1 	1 	1 
3 	0x45f4	1 	1 	1 
4 	0x0000	0 	0 	0 
5 	0x0000	0 	0 	0 
6 	0x0000	0 	0 	0 
7 	0x0000	0 	0 	0 
8 	0x0000	0 	0 	0 
9 	0x64d0	82 	82 	82 
10 	0x0000	0 	0 	0 
11 	0x0000	0 	0 	0 
12 	0x0000	0 	0 	0 
13 	0x74a2	82 	82 	82 
14 	0x0000	0 	0 	0 
15 	0x756a	1 	1 	1 
16 	0x7600	1 	1 	1 
17 	0x7218	1 	1 	1 
18 	0x0000	0 	0 	0 
19 	0x47b6	5 	5 	5 
20 	0x0000	0 	0 	0 
21 	0x0000	0 	0 	0 
22 	0x0000	0 	0 	0 
23 	0x0000	0 	0 	0 
24 	0x5ef4	6 	6 	6 
25 	0x0000	0 	0 	0 
26 	0x54cc	5 	5 	5 
27 	0x0000	0 	0 	0 
T 	2022-02-08 17:55:00	 616 	c1931 	15719 
S

List 	First 	Count  	ArrayCount 	TraverseCount 
0 	0x6dfe	75 	75 	75 
1 	0x0000	0 	0 	0 
2 	0x45c2	1 	1 	1 
3 	0x45f4	1 	1 	1 
4 	0x0000	0 	0 	0 
5 	0x0000	0 	0 	0 
6 	0x0000	0 	0 	0 
7 	0x0000	0 	0 	0 
8 	0x0000	0 	0 	0 
9 	0x468a	82 	82 	82 
10 	0x0000	0 	0 	0 
11 	0x0000	0 	0 	0 
12 	0x0000	0 	0 	0 
13 	0x5ba2	82 	82 	82 
14 	0x0000	0 	0 	0 
15 	0x756a	1 	1 	1 
16 	0x7600	1 	1 	1 
17 	0x7218	1 	1 	1 
18 	0x0000	0 	0 	0 
19 	0x47b6	5 	5 	5 
20 	0x0000	0 	0 	0 
21 	0x0000	0 	0 	0 
22 	0x0000	0 	0 	0 
23 	0x0000	0 	0 	0 
24 	0x5724	6 	6 	6 
25 	0x0000	0 	0 	0 
26 	0x54cc	5 	5 	5 
27 	0x0000	0 	0 	0 
T 	2022-02-08 19:17:00	 563 	c1931 	15719 
S

List 	First 	Count  	ArrayCount 	TraverseCount 
0 	0x711e	75 	75 	75 
1 	0x0000	0 	0 	0 
2 	0x45c2	1 	1 	1 
3 	0x45f4	1 	1 	1 
4 	0x0000	0 	0 	0 
5 	0x0000	0 	0 	0 
6 	0x0000	0 	0 	0 
7 	0x0000	0 	0 	0 
8 	0x0000	0 	0 	0 
9 	0x568e	82 	82 	82 
10 	0x0000	0 	0 	0 
11 	0x0000	0 	0 	0 
12 	0x0000	0 	0 	0 
13 	0x6aac	82 	82 	82 
14 	0x0000	0 	0 	0 
15 	0x756a	1 	1 	1 
16 	0x7600	1 	1 	1 
17 	0x7218	1 	1 	1 
18 	0x0000	0 	0 	0 
19 	0x47b6	5 	5 	5 
20 	0x0000	0 	0 	0 
21 	0x0000	0 	0 	0 
22 	0x0000	0 	0 	0 
23 	0x0000	0 	0 	0 
24 	0x6dfe	6 	6 	6 
25 	0x0000	0 	0 	0 
26 	0x54cc	5 	5 	5 
27 	0x0000	0 	0 	0 
T 	2022-02-08 20:39:00	 559 	c1931 	15719 
S

List 	First 	Count  	ArrayCount 	TraverseCount 
0 	0x5148	75 	75 	75 
1 	0x0000	0 	0 	0 
2 	0x45c2	1 	1 	1 
3 	0x45f4	1 	1 	1 
4 	0x0000	0 	0 	0 
5 	0x0000	0 	0 	0 
6 	0x0000	0 	0 	0 
7 	0x0000	0 	0 	0 
8 	0x0000	0 	0 	0 
9 	0x4626	82 	82 	82 
10 	0x0000	0 	0 	0 
11 	0x0000	0 	0 	0 
12 	0x0000	0 	0 	0 
13 	0x66f6	82 	82 	82 
14 	0x0000	0 	0 	0 
15 	0x756a	1 	1 	1 
16 	0x7600	1 	1 	1 
17 	0x7218	1 	1 	1 
18 	0x0000	0 	0 	0 
19 	0x47b6	5 	5 	5 
20 	0x0000	0 	0 	0 
21 	0x0000	0 	0 	0 
22 	0x0000	0 	0 	0 
23 	0x0000	0 	0 	0 
24 	0x711e	6 	6 	6 
25 	0x0000	0 	0 	0 
26 	0x54cc	5 	5 	5 
27 	0x0000	0 	0 	0 
T 	2022-02-08 22:01:00	 614 	c1931 	15719 
S

List 	First 	Count  	ArrayCount 	TraverseCount 
0 	0x60b6	75 	75 	75 
1 	0x0000	0 	0 	0 
2 	0x45c2	1 	1 	1 
3 	0x45f4	1 	1 	1 
4 	0x0000	0 	0 	0 
5 	0x0000	0 	0 	0 
6 	0x0000	0 	0 	0 
7 	0x0000	0 	0 	0 
8 	0x0000	0 	0 	0 
9 	0x55f8	82 	82 	82 
10 	0x0000	0 	0 	0 
11 	0x0000	0 	0 	0 
12 	0x0000	0 	0 	0 
13 	0x6b74	82 	82 	82 
14 	0x0000	0 	0 	0 
15 	0x756a	1 	1 	1 
16 	0x7600	1 	1 	1 
17 	0x7218	1 	1 	1 
18 	0x0000	0 	0 	0 
19 	0x47b6	5 	5 	5 
20 	0x0000	0 	0 	0 
21 	0x0000	0 	0 	0 
22 	0x0000	0 	0 	0 
23 	0x0000	0 	0 	0 
24 	0x5148	6 	6 	6 
25 	0x0000	0 	0 	0 
26 	0x54cc	5 	5 	5 
27 	0x0000	0 	0 	0 
T 	2022-02-08 23:23:00	 615 	c1931 	15719 
S

List 	First 	Count  	ArrayCount 	TraverseCount 
0 	0x6534	75 	75 	75 
1 	0x0000	0 	0 	0 
2 	0x45c2	1 	1 	1 
3 	0x45f4	1 	1 	1 
4 	0x0000	0 	0 	0 
5 	0x0000	0 	0 	0 
6 	0x0000	0 	0 	0 
7 	0x0000	0 	0 	0 
8 	0x0000	0 	0 	0 
9 	0x6c0a	82 	82 	82 
10 	0x0000	0 	0 	0 
11 	0x0000	0 	0 	0 
12 	0x0000	0 	0 	0 
13 	0x727c	82 	82 	82 
14 	0x0000	0 	0 	0 
15 	0x756a	1 	1 	1 
16 	0x7600	1 	1 	1 
17 	0x7218	1 	1 	1 
18 	0x0000	0 	0 	0 
19 	0x47b6	5 	5 	5 
20 	0x0000	0 	0 	0 
21 	0x0000	0 	0 	0 
22 	0x0000	0 	0 	0 
23 	0x0000	0 	0 	0 
24 	0x60b6	6 	6 	6 
25 	0x0000	0 	0 	0 
26 	0x54cc	5 	5 	5 
27 	0x0000	0 	0 	0 
T 	2022-02-09 00:45:00	 612 	c1931 	15719 
S

List 	First 	Count  	ArrayCount 	TraverseCount 
0 	0x7182	75 	75 	75 
1 	0x0000	0 	0 	0 
2 	0x45c2	1 	1 	1 
3 	0x45f4	1 	1 	1 
4 	0x0000	0 	0 	0 
5 	0x0000	0 	0 	0 
6 	0x0000	0 	0 	0 
7 	0x0000	0 	0 	0 
8 	0x0000	0 	0 	0 
9 	0x6b42	82 	82 	82 
10 	0x0000	0 	0 	0 
11 	0x0000	0 	0 	0 
12 	0x0000	0 	0 	0 
13 	0x691c	82 	82 	82 
14 	0x0000	0 	0 	0 
15 	0x756a	1 	1 	1 
16 	0x7600	1 	1 	1 
17 	0x7218	1 	1 	1 
18 	0x0000	0 	0 	0 
19 	0x47b6	5 	5 	5 
20 	0x0000	0 	0 	0 
21 	0x0000	0 	0 	0 
22 	0x0000	0 	0 	0 
23 	0x0000	0 	0 	0 
24 	0x6534	6 	6 	6 
25 	0x0000	0 	0 	0 
26 	0x54cc	5 	5 	5 
27 	0x0000	0 	0 	0 
T 	2022-02-09 02:07:00	 608 	c1931 	15719 
S

List 	First 	Count  	ArrayCount 	TraverseCount 
0 	0x5fee	75 	75 	75 
1 	0x0000	0 	0 	0 
2 	0x45c2	1 	1 	1 
3 	0x45f4	1 	1 	1 
4 	0x0000	0 	0 	0 
5 	0x0000	0 	0 	0 
6 	0x0000	0 	0 	0 
7 	0x0000	0 	0 	0 
8 	0x0000	0 	0 	0 
9 	0x7376	82 	82 	82 
10 	0x0000	0 	0 	0 
11 	0x0000	0 	0 	0 
12 	0x0000	0 	0 	0 
13 	0x4752	82 	82 	82 
14 	0x0000	0 	0 	0 
15 	0x756a	1 	1 	1 
16 	0x7600	1 	1 	1 
17 	0x7218	1 	1 	1 
18 	0x0000	0 	0 	0 
19 	0x47b6	5 	5 	5 
20 	0x0000	0 	0 	0 
21 	0x0000	0 	0 	0 
22 	0x0000	0 	0 	0 
23 	0x0000	0 	0 	0 
24 	0x7182	6 	6 	6 
25 	0x0000	0 	0 	0 
26 	0x54cc	5 	5 	5 
27 	0x0000	0 	0 	0 
T 	2022-02-09 03:29:00	 610 	c1931 	15719 
S

List 	First 	Count  	ArrayCount 	TraverseCount 
0 	0x4a40	75 	75 	75 
1 	0x0000	0 	0 	0 
2 	0x45c2	1 	1 	1 
3 	0x45f4	1 	1 	1 
4 	0x0000	0 	0 	0 
5 	0x0000	0 	0 	0 
6 	0x0000	0 	0 	0 
7 	0x0000	0 	0 	0 
8 	0x0000	0 	0 	0 
9 	0x6ca0	82 	82 	82 
10 	0x0000	0 	0 	0 
11 	0x0000	0 	0 	0 
12 	0x0000	0 	0 	0 
13 	0x7696	82 	82 	82 
14 	0x0000	0 	0 	0 
15 	0x756a	1 	1 	1 
16 	0x7600	1 	1 	1 
17 	0x7218	1 	1 	1 
18 	0x0000	0 	0 	0 
19 	0x47b6	5 	5 	5 
20 	0x0000	0 	0 	0 
21 	0x0000	0 	0 	0 
22 	0x0000	0 	0 	0 
23 	0x0000	0 	0 	0 
24 	0x5fee	6 	6 	6 
25 	0x0000	0 	0 	0 
26 	0x54cc	5 	5 	5 
27 	0x0000	0 	0 	0 
T 	2022-02-09 04:51:00	 562 	c1931 	15719 
S

List 	First 	Count  	ArrayCount 	TraverseCount 
0 	0x69b2	75 	75 	75 
1 	0x0000	0 	0 	0 
2 	0x45c2	1 	1 	1 
3 	0x45f4	1 	1 	1 
4 	0x0000	0 	0 	0 
5 	0x0000	0 	0 	0 
6 	0x0000	0 	0 	0 
7 	0x0000	0 	0 	0 
8 	0x0000	0 	0 	0 
9 	0x5ec2	82 	82 	82 
10 	0x0000	0 	0 	0 
11 	0x0000	0 	0 	0 
12 	0x0000	0 	0 	0 
13 	0x67f0	82 	82 	82 
14 	0x0000	0 	0 	0 
15 	0x756a	1 	1 	1 
16 	0x7600	1 	1 	1 
17 	0x7218	1 	1 	1 
18 	0x0000	0 	0 	0 
19 	0x47b6	5 	5 	5 
20 	0x0000	0 	0 	0 
21 	0x0000	0 	0 	0 
22 	0x0000	0 	0 	0 
23 	0x0000	0 	0 	0 
24 	0x4a40	6 	6 	6 
25 	0x0000	0 	0 	0 
26 	0x54cc	5 	5 	5 
27 	0x0000	0 	0 	0 
T 	2022-02-09 06:13:00	 616 	c1931 	15719 
S

List 	First 	Count  	ArrayCount 	TraverseCount 
0 	0x630e	75 	75 	75 
1 	0x0000	0 	0 	0 
2 	0x45c2	1 	1 	1 
3 	0x45f4	1 	1 	1 
4 	0x0000	0 	0 	0 
5 	0x0000	0 	0 	0 
6 	0x0000	0 	0 	0 
7 	0x0000	0 	0 	0 
8 	0x0000	0 	0 	0 
9 	0x73a8	82 	82 	82 
10 	0x0000	0 	0 	0 
11 	0x0000	0 	0 	0 
12 	0x0000	0 	0 	0 
13 	0x4590	82 	82 	82 
14 	0x0000	0 	0 	0 
15 	0x756a	1 	1 	1 
16 	0x7600	1 	1 	1 
17 	0x7218	1 	1 	1 
18 	0x0000	0 	0 	0 
19 	0x47b6	5 	5 	5 
20 	0x0000	0 	0 	0 
21 	0x0000	0 	0 	0 
22 	0x0000	0 	0 	0 
23 	0x0000	0 	0 	0 
24 	0x69b2	6 	6 	6 
25 	0x0000	0 	0 	0 
26 	0x54cc	5 	5 	5 
27 	0x0000	0 	0 	0 
T 	2022-02-09 07:35:00	 558 	c1931 	15719 
S

List 	First 	Count  	ArrayCount 	TraverseCount 
0 	0x6a16	75 	75 	75 
1 	0x0000	0 	0 	0 
2 	0x45c2	1 	1 	1 
3 	0x45f4	1 	1 	1 
4 	0x0000	0 	0 	0 
5 	0x0000	0 	0 	0 
6 	0x0000	0 	0 	0 
7 	0x533c	19 	19 	19 
8 	0x0000	0 	0 	0 
9 	0x55c6	66 	66 	66 
10 	0x0000	0 	0 	0 
11 	0x0000	0 	0 	0 
12 	0x0000	0 	0 	0 
13 	0x649e	66 	66 	66 
14 	0x6d9a	13 	13 	13 
15 	0x756a	1 	1 	1 
16 	0x7600	1 	1 	1 
17 	0x7218	1 	1 	1 
18 	0x0000	0 	0 	0 
19 	0x47b6	5 	5 	5 
20 	0x0000	0 	0 	0 
21 	0x0000	0 	0 	0 
22 	0x0000	0 	0 	0 
23 	0x0000	0 	0 	0 
24 	0x630e	6 	6 	6 
25 	0x0000	0 	0 	0 
26 	0x54cc	5 	5 	5 
27 	0x0000	0 	0 	0 
T 	2022-02-09 08:41:44	 119 	c1931 	15719 
S

List 	First 	Count  	ArrayCount 	TraverseCount 
0 	0x46bc	75 	75 	75 
1 	0x0000	0 	0 	0 
2 	0x45c2	1 	1 	1 
3 	0x45f4	1 	1 	1 
4 	0x0000	0 	0 	0 
5 	0x0000	0 	0 	0 
6 	0x0000	0 	0 	0 
7 	0x6a16	43 	43 	43 
8 	0x0000	0 	0 	0 
9 	0x675a	51 	51 	51 
10 	0x0000	0 	0 	0 
11 	0x0000	0 	0 	0 
12 	0x0000	0 	0 	0 
13 	0x7470	51 	51 	51 
14 	0x7088	19 	19 	19 
15 	0x756a	1 	1 	1 
16 	0x7600	1 	1 	1 
17 	0x7218	1 	1 	1 
18 	0x0000	0 	0 	0 
19 	0x47b6	5 	5 	5 
20 	0x0000	0 	0 	0 
21 	0x0000	0 	0 	0 
22 	0x0000	0 	0 	0 
23 	0x0000	0 	0 	0 
24 	0x4fea	6 	6 	6 
25 	0x0000	0 	0 	0 
26 	0x54cc	5 	5 	5 
27 	0x0000	0 	0 	0 
T 	2022-02-09 09:32:00	 608 	c1931 	15719 
S

List 	First 	Count  	ArrayCount 	TraverseCount 
0 	0x5594	73 	73 	73 
1 	0x0000	0 	0 	0 
2 	0x45c2	1 	1 	1 
3 	0x45f4	1 	1 	1 
4 	0x0000	0 	0 	0 
5 	0x0000	0 	0 	0 
6 	0x0000	0 	0 	0 
7 	0x759c	33 	33 	33 
8 	0x0000	0 	0 	0 
9 	0x5d96	60 	60 	60 
10 	0x0000	0 	0 	0 
11 	0x0000	0 	0 	0 
12 	0x0000	0 	0 	0 
13 	0x5c6a	60 	60 	60 
14 	0x6980	13 	13 	13 
15 	0x756a	1 	1 	1 
16 	0x7600	1 	1 	1 
17 	0x7218	1 	1 	1 
18 	0x0000	0 	0 	0 
19 	0x47b6	5 	5 	5 
20 	0x0000	0 	0 	0 
21 	0x0000	0 	0 	0 
22 	0x0000	0 	0 	0 
23 	0x0000	0 	0 	0 
24 	0x46bc	6 	6 	6 
25 	0x0000	0 	0 	0 
26 	0x54cc	5 	5 	5 
27 	0x0000	0 	0 	0 
T 	2022-02-09 10:32:00	 375 	c1931 	15719 
S

List 	First 	Count  	ArrayCount 	TraverseCount 
0 	0x73a8	75 	75 	75 
1 	0x0000	0 	0 	0 
2 	0x45c2	1 	1 	1 
3 	0x45f4	1 	1 	1 
4 	0x0000	0 	0 	0 
5 	0x0000	0 	0 	0 
6 	0x0000	0 	0 	0 
7 	0x5594	23 	23 	23 
8 	0x0000	0 	0 	0 
9 	0x5918	67 	67 	67 
10 	0x0000	0 	0 	0 
11 	0x0000	0 	0 	0 
12 	0x0000	0 	0 	0 
13 	0x481a	67 	67 	67 
14 	0x6dcc	7 	7 	7 
15 	0x756a	1 	1 	1 
16 	0x7600	1 	1 	1 
17 	0x7218	1 	1 	1 
18 	0x0000	0 	0 	0 
19 	0x47b6	5 	5 	5 
20 	0x0000	0 	0 	0 
21 	0x0000	0 	0 	0 
22 	0x0000	0 	0 	0 
23 	0x0000	0 	0 	0 
24 	0x69b2	6 	6 	6 
25 	0x0000	0 	0 	0 
26 	0x54cc	5 	5 	5 
27 	0x0000	0 	0 	0 
T 	2022-02-09 11:39:00	 560 	c1931 	15719 
S

List 	First 	Count  	ArrayCount 	TraverseCount 
0 	0x452c	75 	75 	75 
1 	0x0000	0 	0 	0 
2 	0x45c2	1 	1 	1 
3 	0x45f4	1 	1 	1 
4 	0x0000	0 	0 	0 
5 	0x0000	0 	0 	0 
6 	0x0000	0 	0 	0 
7 	0x47e8	66 	66 	66 
8 	0x0000	0 	0 	0 
9 	0x4400	38 	38 	38 
10 	0x0000	0 	0 	0 
11 	0x0000	0 	0 	0 
12 	0x0000	0 	0 	0 
13 	0x5ef4	38 	38 	38 
14 	0x5c6a	18 	18 	18 
15 	0x756a	1 	1 	1 
16 	0x7600	1 	1 	1 
17 	0x7218	1 	1 	1 
18 	0x0000	0 	0 	0 
19 	0x47b6	7 	7 	7 
20 	0x0000	0 	0 	0 
21 	0x0000	0 	0 	0 
22 	0x0000	0 	0 	0 
23 	0x0000	0 	0 	0 
24 	0x73a8	6 	6 	6 
25 	0x0000	0 	0 	0 
26 	0x54cc	7 	7 	7 
27 	0x0000	0 	0 	0 
T 	2022-02-09 12:17:00	 567 	c1931 	15719 
S

List 	First 	Count  	ArrayCount 	TraverseCount 
0 	0x68ea	75 	75 	75 
1 	0x0000	0 	0 	0 
2 	0x45c2	1 	1 	1 
3 	0x45f4	1 	1 	1 
4 	0x0000	0 	0 	0 
5 	0x0000	0 	0 	0 
6 	0x0000	0 	0 	0 
7 	0x6ef8	51 	51 	51 
8 	0x0000	0 	0 	0 
9 	0x62aa	45 	45 	45 
10 	0x0000	0 	0 	0 
11 	0x0000	0 	0 	0 
12 	0x0000	0 	0 	0 
13 	0x4658	45 	45 	45 
14 	0x724a	15 	15 	15 
15 	0x756a	1 	1 	1 
16 	0x7600	1 	1 	1 
17 	0x7218	1 	1 	1 
18 	0x0000	0 	0 	0 
19 	0x47b6	9 	9 	9 
20 	0x0000	0 	0 	0 
21 	0x0000	0 	0 	0 
22 	0x0000	0 	0 	0 
23 	0x0000	0 	0 	0 
24 	0x452c	6 	6 	6 
25 	0x0000	0 	0 	0 
26 	0x54cc	9 	9 	9 
27 	0x0000	0 	0 	0 
T 	2022-02-09 13:02:08	 322 	c1931 	15719 
S

List 	First 	Count  	ArrayCount 	TraverseCount 
0 	0x565c	75 	75 	75 
1 	0x0000	0 	0 	0 
2 	0x45c2	1 	1 	1 
3 	0x45f4	1 	1 	1 
4 	0x0000	0 	0 	0 
5 	0x0000	0 	0 	0 
6 	0x0000	0 	0 	0 
7 	0x63d6	24 	24 	24 
8 	0x0000	0 	0 	0 
9 	0x711e	62 	62 	62 
10 	0x0000	0 	0 	0 
11 	0x0000	0 	0 	0 
12 	0x0000	0 	0 	0 
13 	0x6d36	61 	61 	61 
14 	0x6c0a	9 	9 	9 
15 	0x756a	1 	1 	1 
16 	0x7600	1 	1 	1 
17 	0x7218	1 	1 	1 
18 	0x0000	0 	0 	0 
19 	0x47b6	9 	9 	9 
20 	0x0000	0 	0 	0 
21 	0x0000	0 	0 	0 
22 	0x0000	0 	0 	0 
23 	0x0000	0 	0 	0 
24 	0x68ea	6 	6 	6 
25 	0x0000	0 	0 	0 
26 	0x54cc	9 	9 	9 
27 	0x0000	0 	0 	0 
T 	2022-02-09 14:03:58	 562 	c1931 	15719 
S

List 	First 	Count  	ArrayCount 	TraverseCount 
0 	0x617e	75 	75 	75 
1 	0x0000	0 	0 	0 
2 	0x45c2	1 	1 	1 
3 	0x45f4	1 	1 	1 
4 	0x0000	0 	0 	0 
5 	0x0000	0 	0 	0 
6 	0x0000	0 	0 	0 
7 	0x4b6c	8 	8 	8 
8 	0x0000	0 	0 	0 
9 	0x5210	71 	71 	71 
10 	0x0000	0 	0 	0 
11 	0x0000	0 	0 	0 
12 	0x0000	0 	0 	0 
13 	0x630e	71 	71 	71 
14 	0x5e2c	6 	6 	6 
15 	0x756a	1 	1 	1 
16 	0x7600	1 	1 	1 
17 	0x7218	1 	1 	1 
18 	0x0000	0 	0 	0 
19 	0x47b6	9 	9 	9 
20 	0x0000	0 	0 	0 
21 	0x0000	0 	0 	0 
22 	0x0000	0 	0 	0 
23 	0x0000	0 	0 	0 
24 	0x59e0	6 	6 	6 
25 	0x0000	0 	0 	0 
26 	0x54cc	9 	9 	9 
27 	0x0000	0 	0 	0 
T 	2022-02-09 15:15:00	 620 	c1931 	15719 
S

List 	First 	Count  	ArrayCount 	TraverseCount 
0 	0x5274	109 	109 	109 
1 	0x0000	0 	0 	0 
2 	0x45c2	1 	1 	1 
3 	0x45f4	1 	1 	1 
4 	0x0000	0 	0 	0 
5 	0x0000	0 	0 	0 
6 	0x0000	0 	0 	0 
7 	0x4aa4	9 	9 	9 
8 	0x0000	0 	0 	0 
9 	0x7538	31 	31 	31 
10 	0x0000	0 	0 	0 
11 	0x0000	0 	0 	0 
12 	0x4752	31 	31 	31 
13 	0x4496	37 	37 	37 
14 	0x62aa	9 	9 	9 
15 	0x756a	1 	1 	1 
16 	0x7600	1 	1 	1 
17 	0x7218	1 	1 	1 
18 	0x0000	0 	0 	0 
19 	0x47b6	10 	10 	10 
20 	0x4c02	1 	1 	1 
21 	0x0000	0 	0 	0 
22 	0x0000	0 	0 	0 
23 	0x0000	0 	0 	0 
24 	0x617e	7 	7 	7 
25 	0x0000	0 	0 	0 
26 	0x54cc	10 	10 	10 
27 	0x468a	1 	1 	1 
T 	2022-02-09 15:46:02	 612 	c1931 	15725 
S
