F 	Date            	Hmsec 	ID   	Event 

List 	First 	Count  	ArrayCount 	TraverseCount 
0 	0x5116	190 	190 	190 
1 	0x0000	0 	0 	0 
2 	0x45c2	1 	1 	1 
3 	0x45f4	1 	1 	1 
4 	0x0000	0 	0 	0 
5 	0x0000	0 	0 	0 
6 	0x0000	0 	0 	0 
7 	0x0000	0 	0 	0 
8 	0x0000	0 	0 	0 
9 	0x6502	14 	14 	14 
10 	0x0000	0 	0 	0 
11 	0x0000	0 	0 	0 
12 	0x0000	0 	0 	0 
13 	0x6c3c	23 	23 	23 
14 	0x7600	1 	1 	1 
15 	0x643a	1 	1 	1 
16 	0x6f5c	1 	1 	1 
17 	0x49dc	1 	1 	1 
18 	0x0000	0 	0 	0 
19 	0x0000	0 	0 	0 
20 	0x0000	0 	0 	0 
21 	0x0000	0 	0 	0 
22 	0x0000	0 	0 	0 
23 	0x0000	0 	0 	0 
24 	0x6ca0	21 	21 	21 
25 	0x0000	0 	0 	0 
26 	0x6246	6 	6 	6 
27 	0x0000	0 	0 	0 
T 	2022-02-04 09:14:23	 680 	c1937 	 2737 
S

List 	First 	Count  	ArrayCount 	TraverseCount 
0 	0x530a	74 	74 	74 
1 	0x0000	0 	0 	0 
2 	0x45c2	1 	1 	1 
3 	0x45f4	1 	1 	1 
4 	0x0000	0 	0 	0 
5 	0x0000	0 	0 	0 
6 	0x0000	0 	0 	0 
7 	0x5594	14 	14 	14 
8 	0x0000	0 	0 	0 
9 	0x7344	26 	26 	26 
10 	0x0000	0 	0 	0 
11 	0x0000	0 	0 	0 
12 	0x4b08	49 	49 	49 
13 	0x756a	59 	59 	59 
14 	0x71b4	17 	17 	17 
15 	0x643a	1 	1 	1 
16 	0x6f5c	1 	1 	1 
17 	0x49dc	1 	1 	1 
18 	0x0000	0 	0 	0 
19 	0x4f86	2 	2 	2 
20 	0x53a0	3 	3 	3 
21 	0x0000	0 	0 	0 
22 	0x0000	0 	0 	0 
23 	0x0000	0 	0 	0 
24 	0x5116	6 	6 	6 
25 	0x0000	0 	0 	0 
26 	0x5210	2 	2 	2 
27 	0x6fc0	3 	3 	3 
T 	2022-02-04 09:39:55	 341 	c1937 	 2748 
S

List 	First 	Count  	ArrayCount 	TraverseCount 
0 	0x568e	75 	75 	75 
1 	0x0000	0 	0 	0 
2 	0x45c2	1 	1 	1 
3 	0x45f4	1 	1 	1 
4 	0x0000	0 	0 	0 
5 	0x0000	0 	0 	0 
6 	0x0000	0 	0 	0 
7 	0x6ca0	3 	3 	3 
8 	0x0000	0 	0 	0 
9 	0x5274	74 	74 	74 
10 	0x0000	0 	0 	0 
11 	0x0000	0 	0 	0 
12 	0x63d6	15 	15 	15 
13 	0x5e90	75 	75 	75 
14 	0x617e	3 	3 	3 
15 	0x643a	1 	1 	1 
16 	0x6f5c	1 	1 	1 
17 	0x49dc	1 	1 	1 
18 	0x0000	0 	0 	0 
19 	0x4f86	2 	2 	2 
20 	0x0000	0 	0 	0 
21 	0x0000	0 	0 	0 
22 	0x0000	0 	0 	0 
23 	0x0000	0 	0 	0 
24 	0x530a	6 	6 	6 
25 	0x0000	0 	0 	0 
26 	0x5210	2 	2 	2 
27 	0x0000	0 	0 	0 
T 	2022-02-04 10:53:47	 542 	c1937 	 2751 
S

List 	First 	Count  	ArrayCount 	TraverseCount 
0 	0x5d00	75 	75 	75 
1 	0x0000	0 	0 	0 
2 	0x45c2	1 	1 	1 
3 	0x45f4	1 	1 	1 
4 	0x0000	0 	0 	0 
5 	0x0000	0 	0 	0 
6 	0x0000	0 	0 	0 
7 	0x678c	4 	4 	4 
8 	0x0000	0 	0 	0 
9 	0x4df6	76 	76 	76 
10 	0x0000	0 	0 	0 
11 	0x0000	0 	0 	0 
12 	0x6692	5 	5 	5 
13 	0x56f2	80 	80 	80 
14 	0x4fea	1 	1 	1 
15 	0x643a	1 	1 	1 
16 	0x6f5c	1 	1 	1 
17 	0x49dc	1 	1 	1 
18 	0x0000	0 	0 	0 
19 	0x4f86	3 	3 	3 
20 	0x7312	1 	1 	1 
21 	0x0000	0 	0 	0 
22 	0x0000	0 	0 	0 
23 	0x0000	0 	0 	0 
24 	0x568e	6 	6 	6 
25 	0x0000	0 	0 	0 
26 	0x5210	3 	3 	3 
27 	0x630e	1 	1 	1 
T 	2022-02-04 12:09:47	 539 	c1937 	 2752 
S

List 	First 	Count  	ArrayCount 	TraverseCount 
0 	0x727c	75 	75 	75 
1 	0x0000	0 	0 	0 
2 	0x45c2	1 	1 	1 
3 	0x45f4	1 	1 	1 
4 	0x0000	0 	0 	0 
5 	0x0000	0 	0 	0 
6 	0x0000	0 	0 	0 
7 	0x0000	0 	0 	0 
8 	0x0000	0 	0 	0 
9 	0x6052	77 	77 	77 
10 	0x0000	0 	0 	0 
11 	0x0000	0 	0 	0 
12 	0x0000	0 	0 	0 
13 	0x5bd4	91 	91 	91 
14 	0x0000	0 	0 	0 
15 	0x643a	1 	1 	1 
16 	0x6f5c	1 	1 	1 
17 	0x49dc	1 	1 	1 
18 	0x0000	0 	0 	0 
19 	0x4f86	3 	3 	3 
20 	0x0000	0 	0 	0 
21 	0x0000	0 	0 	0 
22 	0x0000	0 	0 	0 
23 	0x0000	0 	0 	0 
24 	0x5d00	6 	6 	6 
25 	0x0000	0 	0 	0 
26 	0x5210	3 	3 	3 
27 	0x0000	0 	0 	0 
T 	2022-02-04 13:26:47	 539 	c1937 	 2752 
S

List 	First 	Count  	ArrayCount 	TraverseCount 
0 	0x50e4	75 	75 	75 
1 	0x0000	0 	0 	0 
2 	0x45c2	1 	1 	1 
3 	0x45f4	1 	1 	1 
4 	0x0000	0 	0 	0 
5 	0x0000	0 	0 	0 
6 	0x0000	0 	0 	0 
7 	0x0000	0 	0 	0 
8 	0x0000	0 	0 	0 
9 	0x6d9a	84 	84 	84 
10 	0x0000	0 	0 	0 
11 	0x0000	0 	0 	0 
12 	0x0000	0 	0 	0 
13 	0x65ca	84 	84 	84 
14 	0x0000	0 	0 	0 
15 	0x643a	1 	1 	1 
16 	0x6f5c	1 	1 	1 
17 	0x49dc	1 	1 	1 
18 	0x0000	0 	0 	0 
19 	0x4f86	3 	3 	3 
20 	0x0000	0 	0 	0 
21 	0x0000	0 	0 	0 
22 	0x0000	0 	0 	0 
23 	0x0000	0 	0 	0 
24 	0x727c	6 	6 	6 
25 	0x0000	0 	0 	0 
26 	0x5210	3 	3 	3 
27 	0x0000	0 	0 	0 
T 	2022-02-04 14:50:47	 535 	c1937 	 2752 
S

List 	First 	Count  	ArrayCount 	TraverseCount 
0 	0x536e	75 	75 	75 
1 	0x0000	0 	0 	0 
2 	0x45c2	1 	1 	1 
3 	0x45f4	1 	1 	1 
4 	0x0000	0 	0 	0 
5 	0x0000	0 	0 	0 
6 	0x0000	0 	0 	0 
7 	0x0000	0 	0 	0 
8 	0x0000	0 	0 	0 
9 	0x48b0	84 	84 	84 
10 	0x0000	0 	0 	0 
11 	0x0000	0 	0 	0 
12 	0x0000	0 	0 	0 
13 	0x4d60	84 	84 	84 
14 	0x0000	0 	0 	0 
15 	0x643a	1 	1 	1 
16 	0x6f5c	1 	1 	1 
17 	0x49dc	1 	1 	1 
18 	0x0000	0 	0 	0 
19 	0x4f86	3 	3 	3 
20 	0x0000	0 	0 	0 
21 	0x0000	0 	0 	0 
22 	0x0000	0 	0 	0 
23 	0x0000	0 	0 	0 
24 	0x50e4	6 	6 	6 
25 	0x0000	0 	0 	0 
26 	0x5210	3 	3 	3 
27 	0x0000	0 	0 	0 
T 	2022-02-04 16:14:47	 539 	c1937 	 2752 
S

List 	First 	Count  	ArrayCount 	TraverseCount 
0 	0x4cfc	75 	75 	75 
1 	0x0000	0 	0 	0 
2 	0x45c2	1 	1 	1 
3 	0x45f4	1 	1 	1 
4 	0x0000	0 	0 	0 
5 	0x0000	0 	0 	0 
6 	0x0000	0 	0 	0 
7 	0x0000	0 	0 	0 
8 	0x0000	0 	0 	0 
9 	0x58e6	76 	76 	76 
10 	0x0000	0 	0 	0 
11 	0x0000	0 	0 	0 
12 	0x0000	0 	0 	0 
13 	0x6fc0	92 	92 	92 
14 	0x0000	0 	0 	0 
15 	0x643a	1 	1 	1 
16 	0x6f5c	1 	1 	1 
17 	0x49dc	1 	1 	1 
18 	0x0000	0 	0 	0 
19 	0x4f86	3 	3 	3 
20 	0x0000	0 	0 	0 
21 	0x0000	0 	0 	0 
22 	0x0000	0 	0 	0 
23 	0x0000	0 	0 	0 
24 	0x536e	6 	6 	6 
25 	0x0000	0 	0 	0 
26 	0x5210	3 	3 	3 
27 	0x0000	0 	0 	0 
T 	2022-02-04 17:31:00	 610 	c1937 	 2752 
S

List 	First 	Count  	ArrayCount 	TraverseCount 
0 	0x6c6e	75 	75 	75 
1 	0x0000	0 	0 	0 
2 	0x45c2	1 	1 	1 
3 	0x45f4	1 	1 	1 
4 	0x0000	0 	0 	0 
5 	0x0000	0 	0 	0 
6 	0x0000	0 	0 	0 
7 	0x0000	0 	0 	0 
8 	0x0000	0 	0 	0 
9 	0x6a7a	77 	77 	77 
10 	0x0000	0 	0 	0 
11 	0x0000	0 	0 	0 
12 	0x0000	0 	0 	0 
13 	0x6ba6	91 	91 	91 
14 	0x0000	0 	0 	0 
15 	0x643a	1 	1 	1 
16 	0x6f5c	1 	1 	1 
17 	0x49dc	1 	1 	1 
18 	0x0000	0 	0 	0 
19 	0x4f86	3 	3 	3 
20 	0x0000	0 	0 	0 
21 	0x0000	0 	0 	0 
22 	0x0000	0 	0 	0 
23 	0x0000	0 	0 	0 
24 	0x4cfc	6 	6 	6 
25 	0x0000	0 	0 	0 
26 	0x5210	3 	3 	3 
27 	0x0000	0 	0 	0 
T 	2022-02-04 18:48:00	 913 	c1937 	 2752 
S

List 	First 	Count  	ArrayCount 	TraverseCount 
0 	0x5f8a	75 	75 	75 
1 	0x0000	0 	0 	0 
2 	0x45c2	1 	1 	1 
3 	0x45f4	1 	1 	1 
4 	0x0000	0 	0 	0 
5 	0x0000	0 	0 	0 
6 	0x0000	0 	0 	0 
7 	0x0000	0 	0 	0 
8 	0x0000	0 	0 	0 
9 	0x694e	79 	79 	79 
10 	0x0000	0 	0 	0 
11 	0x0000	0 	0 	0 
12 	0x0000	0 	0 	0 
13 	0x4a72	89 	89 	89 
14 	0x0000	0 	0 	0 
15 	0x643a	1 	1 	1 
16 	0x6f5c	1 	1 	1 
17 	0x49dc	1 	1 	1 
18 	0x0000	0 	0 	0 
19 	0x4f86	3 	3 	3 
20 	0x0000	0 	0 	0 
21 	0x0000	0 	0 	0 
22 	0x0000	0 	0 	0 
23 	0x0000	0 	0 	0 
24 	0x6c6e	6 	6 	6 
25 	0x0000	0 	0 	0 
26 	0x5210	3 	3 	3 
27 	0x0000	0 	0 	0 
T 	2022-02-04 20:07:00	 911 	c1937 	 2752 
S

List 	First 	Count  	ArrayCount 	TraverseCount 
0 	0x6084	75 	75 	75 
1 	0x0000	0 	0 	0 
2 	0x45c2	1 	1 	1 
3 	0x45f4	1 	1 	1 
4 	0x0000	0 	0 	0 
5 	0x0000	0 	0 	0 
6 	0x0000	0 	0 	0 
7 	0x0000	0 	0 	0 
8 	0x0000	0 	0 	0 
9 	0x5404	81 	81 	81 
10 	0x0000	0 	0 	0 
11 	0x0000	0 	0 	0 
12 	0x0000	0 	0 	0 
13 	0x4496	87 	87 	87 
14 	0x0000	0 	0 	0 
15 	0x643a	1 	1 	1 
16 	0x6f5c	1 	1 	1 
17 	0x49dc	1 	1 	1 
18 	0x0000	0 	0 	0 
19 	0x4f86	3 	3 	3 
20 	0x0000	0 	0 	0 
21 	0x0000	0 	0 	0 
22 	0x0000	0 	0 	0 
23 	0x0000	0 	0 	0 
24 	0x5f8a	6 	6 	6 
25 	0x0000	0 	0 	0 
26 	0x5210	3 	3 	3 
27 	0x0000	0 	0 	0 
T 	2022-02-04 21:28:00	 616 	c1937 	 2752 
S

List 	First 	Count  	ArrayCount 	TraverseCount 
0 	0x58e6	75 	75 	75 
1 	0x0000	0 	0 	0 
2 	0x45c2	1 	1 	1 
3 	0x45f4	1 	1 	1 
4 	0x0000	0 	0 	0 
5 	0x0000	0 	0 	0 
6 	0x0000	0 	0 	0 
7 	0x0000	0 	0 	0 
8 	0x0000	0 	0 	0 
9 	0x4ef0	79 	79 	79 
10 	0x0000	0 	0 	0 
11 	0x0000	0 	0 	0 
12 	0x0000	0 	0 	0 
13 	0x4784	89 	89 	89 
14 	0x0000	0 	0 	0 
15 	0x643a	1 	1 	1 
16 	0x6f5c	1 	1 	1 
17 	0x49dc	1 	1 	1 
18 	0x0000	0 	0 	0 
19 	0x4f86	3 	3 	3 
20 	0x0000	0 	0 	0 
21 	0x0000	0 	0 	0 
22 	0x0000	0 	0 	0 
23 	0x0000	0 	0 	0 
24 	0x6084	6 	6 	6 
25 	0x0000	0 	0 	0 
26 	0x5210	3 	3 	3 
27 	0x0000	0 	0 	0 
T 	2022-02-04 22:47:00	 910 	c1937 	 2752 
S

List 	First 	Count  	ArrayCount 	TraverseCount 
0 	0x5e2c	75 	75 	75 
1 	0x0000	0 	0 	0 
2 	0x45c2	1 	1 	1 
3 	0x45f4	1 	1 	1 
4 	0x0000	0 	0 	0 
5 	0x0000	0 	0 	0 
6 	0x0000	0 	0 	0 
7 	0x0000	0 	0 	0 
8 	0x0000	0 	0 	0 
9 	0x4946	81 	81 	81 
10 	0x0000	0 	0 	0 
11 	0x0000	0 	0 	0 
12 	0x0000	0 	0 	0 
13 	0x49aa	87 	87 	87 
14 	0x0000	0 	0 	0 
15 	0x643a	1 	1 	1 
16 	0x6f5c	1 	1 	1 
17 	0x49dc	1 	1 	1 
18 	0x0000	0 	0 	0 
19 	0x4f86	3 	3 	3 
20 	0x0000	0 	0 	0 
21 	0x0000	0 	0 	0 
22 	0x0000	0 	0 	0 
23 	0x0000	0 	0 	0 
24 	0x58e6	6 	6 	6 
25 	0x0000	0 	0 	0 
26 	0x5210	3 	3 	3 
27 	0x0000	0 	0 	0 
T 	2022-02-05 00:07:47	 536 	c1937 	 2752 
S

List 	First 	Count  	ArrayCount 	TraverseCount 
0 	0x597c	75 	75 	75 
1 	0x0000	0 	0 	0 
2 	0x45c2	1 	1 	1 
3 	0x45f4	1 	1 	1 
4 	0x0000	0 	0 	0 
5 	0x0000	0 	0 	0 
6 	0x0000	0 	0 	0 
7 	0x0000	0 	0 	0 
8 	0x0000	0 	0 	0 
9 	0x62aa	81 	81 	81 
10 	0x0000	0 	0 	0 
11 	0x0000	0 	0 	0 
12 	0x0000	0 	0 	0 
13 	0x73da	87 	87 	87 
14 	0x0000	0 	0 	0 
15 	0x643a	1 	1 	1 
16 	0x6f5c	1 	1 	1 
17 	0x49dc	1 	1 	1 
18 	0x0000	0 	0 	0 
19 	0x4f86	3 	3 	3 
20 	0x0000	0 	0 	0 
21 	0x0000	0 	0 	0 
22 	0x0000	0 	0 	0 
23 	0x0000	0 	0 	0 
24 	0x5e2c	6 	6 	6 
25 	0x0000	0 	0 	0 
26 	0x5210	3 	3 	3 
27 	0x0000	0 	0 	0 
T 	2022-02-05 01:28:47	 539 	c1937 	 2752 
S

List 	First 	Count  	ArrayCount 	TraverseCount 
0 	0x517a	75 	75 	75 
1 	0x0000	0 	0 	0 
2 	0x45c2	1 	1 	1 
3 	0x45f4	1 	1 	1 
4 	0x0000	0 	0 	0 
5 	0x0000	0 	0 	0 
6 	0x0000	0 	0 	0 
7 	0x0000	0 	0 	0 
8 	0x0000	0 	0 	0 
9 	0x711e	80 	80 	80 
10 	0x0000	0 	0 	0 
11 	0x0000	0 	0 	0 
12 	0x0000	0 	0 	0 
13 	0x678c	88 	88 	88 
14 	0x0000	0 	0 	0 
15 	0x643a	1 	1 	1 
16 	0x6f5c	1 	1 	1 
17 	0x49dc	1 	1 	1 
18 	0x0000	0 	0 	0 
19 	0x4f86	3 	3 	3 
20 	0x0000	0 	0 	0 
21 	0x0000	0 	0 	0 
22 	0x0000	0 	0 	0 
23 	0x0000	0 	0 	0 
24 	0x597c	6 	6 	6 
25 	0x0000	0 	0 	0 
26 	0x5210	3 	3 	3 
27 	0x0000	0 	0 	0 
T 	2022-02-05 02:49:00	 912 	c1937 	 2752 
S

List 	First 	Count  	ArrayCount 	TraverseCount 
0 	0x4a72	75 	75 	75 
1 	0x0000	0 	0 	0 
2 	0x45c2	1 	1 	1 
3 	0x45f4	1 	1 	1 
4 	0x0000	0 	0 	0 
5 	0x0000	0 	0 	0 
6 	0x0000	0 	0 	0 
7 	0x0000	0 	0 	0 
8 	0x0000	0 	0 	0 
9 	0x481a	81 	81 	81 
10 	0x0000	0 	0 	0 
11 	0x0000	0 	0 	0 
12 	0x0000	0 	0 	0 
13 	0x4b3a	87 	87 	87 
14 	0x0000	0 	0 	0 
15 	0x643a	1 	1 	1 
16 	0x6f5c	1 	1 	1 
17 	0x49dc	1 	1 	1 
18 	0x0000	0 	0 	0 
19 	0x4f86	3 	3 	3 
20 	0x0000	0 	0 	0 
21 	0x0000	0 	0 	0 
22 	0x0000	0 	0 	0 
23 	0x0000	0 	0 	0 
24 	0x517a	6 	6 	6 
25 	0x0000	0 	0 	0 
26 	0x5210	3 	3 	3 
27 	0x0000	0 	0 	0 
T 	2022-02-05 04:09:47	 539 	c1937 	 2752 
S

List 	First 	Count  	ArrayCount 	TraverseCount 
0 	0x7218	75 	75 	75 
1 	0x0000	0 	0 	0 
2 	0x45c2	1 	1 	1 
3 	0x45f4	1 	1 	1 
4 	0x0000	0 	0 	0 
5 	0x0000	0 	0 	0 
6 	0x0000	0 	0 	0 
7 	0x0000	0 	0 	0 
8 	0x0000	0 	0 	0 
9 	0x6cd2	83 	83 	83 
10 	0x0000	0 	0 	0 
11 	0x0000	0 	0 	0 
12 	0x0000	0 	0 	0 
13 	0x4fb8	85 	85 	85 
14 	0x0000	0 	0 	0 
15 	0x643a	1 	1 	1 
16 	0x6f5c	1 	1 	1 
17 	0x49dc	1 	1 	1 
18 	0x0000	0 	0 	0 
19 	0x4f86	3 	3 	3 
20 	0x0000	0 	0 	0 
21 	0x0000	0 	0 	0 
22 	0x0000	0 	0 	0 
23 	0x0000	0 	0 	0 
24 	0x4a72	6 	6 	6 
25 	0x0000	0 	0 	0 
26 	0x5210	3 	3 	3 
27 	0x0000	0 	0 	0 
T 	2022-02-05 05:32:47	 534 	c1937 	 2752 
S

List 	First 	Count  	ArrayCount 	TraverseCount 
0 	0x6020	75 	75 	75 
1 	0x0000	0 	0 	0 
2 	0x45c2	1 	1 	1 
3 	0x45f4	1 	1 	1 
4 	0x0000	0 	0 	0 
5 	0x0000	0 	0 	0 
6 	0x0000	0 	0 	0 
7 	0x0000	0 	0 	0 
8 	0x0000	0 	0 	0 
9 	0x6a7a	79 	79 	79 
10 	0x0000	0 	0 	0 
11 	0x0000	0 	0 	0 
12 	0x0000	0 	0 	0 
13 	0x594a	89 	89 	89 
14 	0x0000	0 	0 	0 
15 	0x643a	1 	1 	1 
16 	0x6f5c	1 	1 	1 
17 	0x49dc	1 	1 	1 
18 	0x0000	0 	0 	0 
19 	0x4f86	3 	3 	3 
20 	0x0000	0 	0 	0 
21 	0x0000	0 	0 	0 
22 	0x0000	0 	0 	0 
23 	0x0000	0 	0 	0 
24 	0x7218	6 	6 	6 
25 	0x0000	0 	0 	0 
26 	0x5210	3 	3 	3 
27 	0x0000	0 	0 	0 
T 	2022-02-05 06:51:47	 537 	c1937 	 2752 
S

List 	First 	Count  	ArrayCount 	TraverseCount 
0 	0x711e	75 	75 	75 
1 	0x0000	0 	0 	0 
2 	0x45c2	1 	1 	1 
3 	0x45f4	1 	1 	1 
4 	0x0000	0 	0 	0 
5 	0x0000	0 	0 	0 
6 	0x0000	0 	0 	0 
7 	0x0000	0 	0 	0 
8 	0x0000	0 	0 	0 
9 	0x6d04	78 	78 	78 
10 	0x0000	0 	0 	0 
11 	0x0000	0 	0 	0 
12 	0x0000	0 	0 	0 
13 	0x44fa	90 	90 	90 
14 	0x0000	0 	0 	0 
15 	0x643a	1 	1 	1 
16 	0x6f5c	1 	1 	1 
17 	0x49dc	1 	1 	1 
18 	0x0000	0 	0 	0 
19 	0x4f86	3 	3 	3 
20 	0x0000	0 	0 	0 
21 	0x0000	0 	0 	0 
22 	0x0000	0 	0 	0 
23 	0x0000	0 	0 	0 
24 	0x6020	6 	6 	6 
25 	0x0000	0 	0 	0 
26 	0x5210	3 	3 	3 
27 	0x0000	0 	0 	0 
T 	2022-02-05 08:10:00	 615 	c1937 	 2752 
S

List 	First 	Count  	ArrayCount 	TraverseCount 
0 	0x5bd4	75 	75 	75 
1 	0x0000	0 	0 	0 
2 	0x45c2	1 	1 	1 
3 	0x45f4	1 	1 	1 
4 	0x0000	0 	0 	0 
5 	0x0000	0 	0 	0 
6 	0x0000	0 	0 	0 
7 	0x5f58	4 	4 	4 
8 	0x0000	0 	0 	0 
9 	0x4c66	69 	69 	69 
10 	0x0000	0 	0 	0 
11 	0x0000	0 	0 	0 
12 	0x66f6	5 	5 	5 
13 	0x504e	87 	87 	87 
14 	0x50e4	1 	1 	1 
15 	0x643a	1 	1 	1 
16 	0x6f5c	1 	1 	1 
17 	0x49dc	1 	1 	1 
18 	0x0000	0 	0 	0 
19 	0x4f86	3 	3 	3 
20 	0x44fa	1 	1 	1 
21 	0x0000	0 	0 	0 
22 	0x0000	0 	0 	0 
23 	0x0000	0 	0 	0 
24 	0x711e	6 	6 	6 
25 	0x0000	0 	0 	0 
26 	0x5210	3 	3 	3 
27 	0x4c02	1 	1 	1 
T 	2022-02-05 09:19:00	 562 	c1937 	 2753 
S

List 	First 	Count  	ArrayCount 	TraverseCount 
0 	0x5d96	75 	75 	75 
1 	0x0000	0 	0 	0 
2 	0x45c2	1 	1 	1 
3 	0x45f4	1 	1 	1 
4 	0x0000	0 	0 	0 
5 	0x0000	0 	0 	0 
6 	0x0000	0 	0 	0 
7 	0x47b6	3 	3 	3 
8 	0x0000	0 	0 	0 
9 	0x481a	58 	58 	58 
10 	0x0000	0 	0 	0 
11 	0x0000	0 	0 	0 
12 	0x65ca	5 	5 	5 
13 	0x4b6c	99 	99 	99 
14 	0x4784	1 	1 	1 
15 	0x643a	1 	1 	1 
16 	0x6f5c	1 	1 	1 
17 	0x49dc	1 	1 	1 
18 	0x0000	0 	0 	0 
19 	0x501c	3 	3 	3 
20 	0x50b2	1 	1 	1 
21 	0x0000	0 	0 	0 
22 	0x0000	0 	0 	0 
23 	0x0000	0 	0 	0 
24 	0x5bd4	6 	6 	6 
25 	0x0000	0 	0 	0 
26 	0x56c0	3 	3 	3 
27 	0x7218	1 	1 	1 
T 	2022-02-05 10:17:00	 617 	c1937 	 2754 
S

List 	First 	Count  	ArrayCount 	TraverseCount 
0 	0x617e	75 	75 	75 
1 	0x0000	0 	0 	0 
2 	0x45c2	1 	1 	1 
3 	0x45f4	1 	1 	1 
4 	0x0000	0 	0 	0 
5 	0x0000	0 	0 	0 
6 	0x0000	0 	0 	0 
7 	0x6fc0	35 	35 	35 
8 	0x0000	0 	0 	0 
9 	0x4496	26 	26 	26 
10 	0x0000	0 	0 	0 
11 	0x0000	0 	0 	0 
12 	0x581e	32 	32 	32 
13 	0x55c6	41 	41 	41 
14 	0x61e2	8 	8 	8 
15 	0x643a	1 	1 	1 
16 	0x6f5c	1 	1 	1 
17 	0x49dc	1 	1 	1 
18 	0x0000	0 	0 	0 
19 	0x501c	8 	8 	8 
20 	0x5fbc	8 	8 	8 
21 	0x0000	0 	0 	0 
22 	0x0000	0 	0 	0 
23 	0x0000	0 	0 	0 
24 	0x5d96	6 	6 	6 
25 	0x0000	0 	0 	0 
26 	0x56c0	8 	8 	8 
27 	0x5a12	8 	8 	8 
T 	2022-02-05 10:43:00	 617 	c1937 	 2762 
S

List 	First 	Count  	ArrayCount 	TraverseCount 
0 	0x52d8	75 	75 	75 
1 	0x0000	0 	0 	0 
2 	0x45c2	1 	1 	1 
3 	0x45f4	1 	1 	1 
4 	0x0000	0 	0 	0 
5 	0x0000	0 	0 	0 
6 	0x0000	0 	0 	0 
7 	0x0000	0 	0 	0 
8 	0x0000	0 	0 	0 
9 	0x51de	53 	53 	53 
10 	0x0000	0 	0 	0 
11 	0x0000	0 	0 	0 
12 	0x0000	0 	0 	0 
13 	0x4a72	105 	105 	105 
14 	0x0000	0 	0 	0 
15 	0x643a	1 	1 	1 
16 	0x6f5c	1 	1 	1 
17 	0x49dc	1 	1 	1 
18 	0x0000	0 	0 	0 
19 	0x501c	8 	8 	8 
20 	0x0000	0 	0 	0 
21 	0x0000	0 	0 	0 
22 	0x0000	0 	0 	0 
23 	0x0000	0 	0 	0 
24 	0x617e	6 	6 	6 
25 	0x0000	0 	0 	0 
26 	0x56c0	8 	8 	8 
27 	0x0000	0 	0 	0 
T 	2022-02-05 11:36:19	  91 	c1937 	 2762 
S

List 	First 	Count  	ArrayCount 	TraverseCount 
0 	0x74a2	75 	75 	75 
1 	0x0000	0 	0 	0 
2 	0x45c2	1 	1 	1 
3 	0x45f4	1 	1 	1 
4 	0x0000	0 	0 	0 
5 	0x0000	0 	0 	0 
6 	0x0000	0 	0 	0 
7 	0x4fb8	3 	3 	3 
8 	0x0000	0 	0 	0 
9 	0x6dcc	42 	42 	42 
10 	0x0000	0 	0 	0 
11 	0x0000	0 	0 	0 
12 	0x71e6	5 	5 	5 
13 	0x5d32	103 	103 	103 
14 	0x7664	1 	1 	1 
15 	0x643a	1 	1 	1 
16 	0x6f5c	1 	1 	1 
17 	0x49dc	1 	1 	1 
18 	0x0000	0 	0 	0 
19 	0x501c	9 	9 	9 
20 	0x67be	1 	1 	1 
21 	0x0000	0 	0 	0 
22 	0x0000	0 	0 	0 
23 	0x0000	0 	0 	0 
24 	0x52d8	6 	6 	6 
25 	0x0000	0 	0 	0 
26 	0x56c0	9 	9 	9 
27 	0x481a	1 	1 	1 
T 	2022-02-05 12:18:31	  99 	c1937 	 2763 
S

List 	First 	Count  	ArrayCount 	TraverseCount 
0 	0x6b42	75 	75 	75 
1 	0x0000	0 	0 	0 
2 	0x45c2	1 	1 	1 
3 	0x45f4	1 	1 	1 
4 	0x0000	0 	0 	0 
5 	0x0000	0 	0 	0 
6 	0x0000	0 	0 	0 
7 	0x0000	0 	0 	0 
8 	0x0000	0 	0 	0 
9 	0x6e30	28 	28 	28 
10 	0x0000	0 	0 	0 
11 	0x0000	0 	0 	0 
12 	0x0000	0 	0 	0 
13 	0x6084	128 	128 	128 
14 	0x0000	0 	0 	0 
15 	0x643a	1 	1 	1 
16 	0x6f5c	1 	1 	1 
17 	0x49dc	1 	1 	1 
18 	0x0000	0 	0 	0 
19 	0x501c	9 	9 	9 
20 	0x0000	0 	0 	0 
21 	0x0000	0 	0 	0 
22 	0x0000	0 	0 	0 
23 	0x0000	0 	0 	0 
24 	0x74a2	6 	6 	6 
25 	0x0000	0 	0 	0 
26 	0x56c0	9 	9 	9 
27 	0x0000	0 	0 	0 
T 	2022-02-05 12:45:47	 547 	c1937 	 2763 
S

List 	First 	Count  	ArrayCount 	TraverseCount 
0 	0x5aa8	75 	75 	75 
1 	0x0000	0 	0 	0 
2 	0x45c2	1 	1 	1 
3 	0x45f4	1 	1 	1 
4 	0x0000	0 	0 	0 
5 	0x0000	0 	0 	0 
6 	0x0000	0 	0 	0 
7 	0x0000	0 	0 	0 
8 	0x0000	0 	0 	0 
9 	0x5562	26 	26 	26 
10 	0x0000	0 	0 	0 
11 	0x0000	0 	0 	0 
12 	0x0000	0 	0 	0 
13 	0x4c98	130 	130 	130 
14 	0x0000	0 	0 	0 
15 	0x643a	1 	1 	1 
16 	0x6f5c	1 	1 	1 
17 	0x49dc	1 	1 	1 
18 	0x0000	0 	0 	0 
19 	0x501c	9 	9 	9 
20 	0x0000	0 	0 	0 
21 	0x0000	0 	0 	0 
22 	0x0000	0 	0 	0 
23 	0x0000	0 	0 	0 
24 	0x6b42	6 	6 	6 
25 	0x0000	0 	0 	0 
26 	0x56c0	9 	9 	9 
27 	0x0000	0 	0 	0 
T 	2022-02-05 13:12:15	 189 	c1937 	 2763 
S

List 	First 	Count  	ArrayCount 	TraverseCount 
0 	0x5c6a	75 	75 	75 
1 	0x0000	0 	0 	0 
2 	0x45c2	1 	1 	1 
3 	0x45f4	1 	1 	1 
4 	0x0000	0 	0 	0 
5 	0x0000	0 	0 	0 
6 	0x0000	0 	0 	0 
7 	0x0000	0 	0 	0 
8 	0x0000	0 	0 	0 
9 	0x70ba	22 	22 	22 
10 	0x0000	0 	0 	0 
11 	0x0000	0 	0 	0 
12 	0x0000	0 	0 	0 
13 	0x6502	134 	134 	134 
14 	0x0000	0 	0 	0 
15 	0x643a	1 	1 	1 
16 	0x6f5c	1 	1 	1 
17 	0x49dc	1 	1 	1 
18 	0x0000	0 	0 	0 
19 	0x501c	9 	9 	9 
20 	0x0000	0 	0 	0 
21 	0x0000	0 	0 	0 
22 	0x0000	0 	0 	0 
23 	0x0000	0 	0 	0 
24 	0x4f54	6 	6 	6 
25 	0x0000	0 	0 	0 
26 	0x56c0	9 	9 	9 
27 	0x0000	0 	0 	0 
T 	2022-02-05 13:34:36	 318 	c1937 	 2763 
S

List 	First 	Count  	ArrayCount 	TraverseCount 
0 	0x4a0e	75 	75 	75 
1 	0x0000	0 	0 	0 
2 	0x45c2	1 	1 	1 
3 	0x45f4	1 	1 	1 
4 	0x0000	0 	0 	0 
5 	0x0000	0 	0 	0 
6 	0x0000	0 	0 	0 
7 	0x0000	0 	0 	0 
8 	0x0000	0 	0 	0 
9 	0x67be	26 	26 	26 
10 	0x0000	0 	0 	0 
11 	0x0000	0 	0 	0 
12 	0x0000	0 	0 	0 
13 	0x7664	130 	130 	130 
14 	0x0000	0 	0 	0 
15 	0x643a	1 	1 	1 
16 	0x6f5c	1 	1 	1 
17 	0x49dc	1 	1 	1 
18 	0x0000	0 	0 	0 
19 	0x501c	9 	9 	9 
20 	0x0000	0 	0 	0 
21 	0x0000	0 	0 	0 
22 	0x0000	0 	0 	0 
23 	0x0000	0 	0 	0 
24 	0x487e	6 	6 	6 
25 	0x0000	0 	0 	0 
26 	0x56c0	9 	9 	9 
27 	0x0000	0 	0 	0 
T 	2022-02-05 13:59:47	 543 	c1937 	 2763 
S

List 	First 	Count  	ArrayCount 	TraverseCount 
0 	0x5a76	75 	75 	75 
1 	0x0000	0 	0 	0 
2 	0x45c2	1 	1 	1 
3 	0x45f4	1 	1 	1 
4 	0x0000	0 	0 	0 
5 	0x0000	0 	0 	0 
6 	0x0000	0 	0 	0 
7 	0x0000	0 	0 	0 
8 	0x0000	0 	0 	0 
9 	0x5d96	23 	23 	23 
10 	0x0000	0 	0 	0 
11 	0x0000	0 	0 	0 
12 	0x0000	0 	0 	0 
13 	0x4978	133 	133 	133 
14 	0x0000	0 	0 	0 
15 	0x643a	1 	1 	1 
16 	0x6f5c	1 	1 	1 
17 	0x49dc	1 	1 	1 
18 	0x0000	0 	0 	0 
19 	0x501c	9 	9 	9 
20 	0x0000	0 	0 	0 
21 	0x0000	0 	0 	0 
22 	0x0000	0 	0 	0 
23 	0x0000	0 	0 	0 
24 	0x6b42	6 	6 	6 
25 	0x0000	0 	0 	0 
26 	0x56c0	9 	9 	9 
27 	0x0000	0 	0 	0 
T 	2022-02-05 14:23:06	 673 	c1937 	 2763 
S

List 	First 	Count  	ArrayCount 	TraverseCount 
0 	0x562a	75 	75 	75 
1 	0x0000	0 	0 	0 
2 	0x45c2	1 	1 	1 
3 	0x45f4	1 	1 	1 
4 	0x0000	0 	0 	0 
5 	0x0000	0 	0 	0 
6 	0x0000	0 	0 	0 
7 	0x0000	0 	0 	0 
8 	0x0000	0 	0 	0 
9 	0x70ba	31 	31 	31 
10 	0x0000	0 	0 	0 
11 	0x0000	0 	0 	0 
12 	0x0000	0 	0 	0 
13 	0x4f54	125 	125 	125 
14 	0x0000	0 	0 	0 
15 	0x643a	1 	1 	1 
16 	0x6f5c	1 	1 	1 
17 	0x49dc	1 	1 	1 
18 	0x0000	0 	0 	0 
19 	0x501c	9 	9 	9 
20 	0x0000	0 	0 	0 
21 	0x0000	0 	0 	0 
22 	0x0000	0 	0 	0 
23 	0x0000	0 	0 	0 
24 	0x5aa8	6 	6 	6 
25 	0x0000	0 	0 	0 
26 	0x56c0	9 	9 	9 
27 	0x0000	0 	0 	0 
T 	2022-02-05 14:54:12	 677 	c1937 	 2763 
S

List 	First 	Count  	ArrayCount 	TraverseCount 
0 	0x5850	75 	75 	75 
1 	0x0000	0 	0 	0 
2 	0x45c2	1 	1 	1 
3 	0x45f4	1 	1 	1 
4 	0x0000	0 	0 	0 
5 	0x0000	0 	0 	0 
6 	0x0000	0 	0 	0 
7 	0x0000	0 	0 	0 
8 	0x0000	0 	0 	0 
9 	0x5242	27 	27 	27 
10 	0x0000	0 	0 	0 
11 	0x0000	0 	0 	0 
12 	0x0000	0 	0 	0 
13 	0x743e	129 	129 	129 
14 	0x0000	0 	0 	0 
15 	0x643a	1 	1 	1 
16 	0x6f5c	1 	1 	1 
17 	0x49dc	1 	1 	1 
18 	0x0000	0 	0 	0 
19 	0x501c	9 	9 	9 
20 	0x0000	0 	0 	0 
21 	0x0000	0 	0 	0 
22 	0x0000	0 	0 	0 
23 	0x0000	0 	0 	0 
24 	0x562a	6 	6 	6 
25 	0x0000	0 	0 	0 
26 	0x56c0	9 	9 	9 
27 	0x0000	0 	0 	0 
T 	2022-02-05 15:21:28	 669 	c1937 	 2763 
S

List 	First 	Count  	ArrayCount 	TraverseCount 
0 	0x7376	75 	75 	75 
1 	0x0000	0 	0 	0 
2 	0x45c2	1 	1 	1 
3 	0x45f4	1 	1 	1 
4 	0x0000	0 	0 	0 
5 	0x0000	0 	0 	0 
6 	0x0000	0 	0 	0 
7 	0x0000	0 	0 	0 
8 	0x0000	0 	0 	0 
9 	0x7696	19 	19 	19 
10 	0x0000	0 	0 	0 
11 	0x0000	0 	0 	0 
12 	0x0000	0 	0 	0 
13 	0x47e8	137 	137 	137 
14 	0x0000	0 	0 	0 
15 	0x643a	1 	1 	1 
16 	0x6f5c	1 	1 	1 
17 	0x49dc	1 	1 	1 
18 	0x0000	0 	0 	0 
19 	0x501c	9 	9 	9 
20 	0x0000	0 	0 	0 
21 	0x0000	0 	0 	0 
22 	0x0000	0 	0 	0 
23 	0x0000	0 	0 	0 
24 	0x4b3a	6 	6 	6 
25 	0x0000	0 	0 	0 
26 	0x56c0	9 	9 	9 
27 	0x0000	0 	0 	0 
T 	2022-02-05 15:40:09	  45 	c1937 	 2763 
S

List 	First 	Count  	ArrayCount 	TraverseCount 
0 	0x6ca0	75 	75 	75 
1 	0x0000	0 	0 	0 
2 	0x45c2	1 	1 	1 
3 	0x45f4	1 	1 	1 
4 	0x0000	0 	0 	0 
5 	0x0000	0 	0 	0 
6 	0x0000	0 	0 	0 
7 	0x0000	0 	0 	0 
8 	0x0000	0 	0 	0 
9 	0x61b0	25 	25 	25 
10 	0x0000	0 	0 	0 
11 	0x0000	0 	0 	0 
12 	0x0000	0 	0 	0 
13 	0x70ec	131 	131 	131 
14 	0x0000	0 	0 	0 
15 	0x643a	1 	1 	1 
16 	0x6f5c	1 	1 	1 
17 	0x49dc	1 	1 	1 
18 	0x0000	0 	0 	0 
19 	0x501c	9 	9 	9 
20 	0x0000	0 	0 	0 
21 	0x0000	0 	0 	0 
22 	0x0000	0 	0 	0 
23 	0x0000	0 	0 	0 
24 	0x7376	6 	6 	6 
25 	0x0000	0 	0 	0 
26 	0x56c0	9 	9 	9 
27 	0x0000	0 	0 	0 
T 	2022-02-05 16:05:35	 891 	c1937 	 2763 
S

List 	First 	Count  	ArrayCount 	TraverseCount 
0 	0x4e8c	75 	75 	75 
1 	0x0000	0 	0 	0 
2 	0x45c2	1 	1 	1 
3 	0x45f4	1 	1 	1 
4 	0x0000	0 	0 	0 
5 	0x0000	0 	0 	0 
6 	0x0000	0 	0 	0 
7 	0x0000	0 	0 	0 
8 	0x0000	0 	0 	0 
9 	0x678c	28 	28 	28 
10 	0x0000	0 	0 	0 
11 	0x0000	0 	0 	0 
12 	0x0000	0 	0 	0 
13 	0x562a	128 	128 	128 
14 	0x0000	0 	0 	0 
15 	0x643a	1 	1 	1 
16 	0x6f5c	1 	1 	1 
17 	0x49dc	1 	1 	1 
18 	0x0000	0 	0 	0 
19 	0x501c	9 	9 	9 
20 	0x0000	0 	0 	0 
21 	0x0000	0 	0 	0 
22 	0x0000	0 	0 	0 
23 	0x0000	0 	0 	0 
24 	0x6ca0	6 	6 	6 
25 	0x0000	0 	0 	0 
26 	0x56c0	9 	9 	9 
27 	0x0000	0 	0 	0 
T 	2022-02-05 16:33:00	 917 	c1937 	 2763 
S

List 	First 	Count  	ArrayCount 	TraverseCount 
0 	0x5ef4	75 	75 	75 
1 	0x0000	0 	0 	0 
2 	0x45c2	1 	1 	1 
3 	0x45f4	1 	1 	1 
4 	0x0000	0 	0 	0 
5 	0x0000	0 	0 	0 
6 	0x0000	0 	0 	0 
7 	0x0000	0 	0 	0 
8 	0x0000	0 	0 	0 
9 	0x5080	42 	42 	42 
10 	0x0000	0 	0 	0 
11 	0x0000	0 	0 	0 
12 	0x0000	0 	0 	0 
13 	0x7632	114 	114 	114 
14 	0x0000	0 	0 	0 
15 	0x643a	1 	1 	1 
16 	0x6f5c	1 	1 	1 
17 	0x49dc	1 	1 	1 
18 	0x0000	0 	0 	0 
19 	0x501c	9 	9 	9 
20 	0x0000	0 	0 	0 
21 	0x0000	0 	0 	0 
22 	0x0000	0 	0 	0 
23 	0x0000	0 	0 	0 
24 	0x4e8c	6 	6 	6 
25 	0x0000	0 	0 	0 
26 	0x56c0	9 	9 	9 
27 	0x0000	0 	0 	0 
T 	2022-02-05 17:14:47	 542 	c1937 	 2763 
S

List 	First 	Count  	ArrayCount 	TraverseCount 
0 	0x5530	75 	75 	75 
1 	0x0000	0 	0 	0 
2 	0x45c2	1 	1 	1 
3 	0x45f4	1 	1 	1 
4 	0x0000	0 	0 	0 
5 	0x0000	0 	0 	0 
6 	0x0000	0 	0 	0 
7 	0x0000	0 	0 	0 
8 	0x0000	0 	0 	0 
9 	0x504e	31 	31 	31 
10 	0x0000	0 	0 	0 
11 	0x0000	0 	0 	0 
12 	0x0000	0 	0 	0 
13 	0x4f22	125 	125 	125 
14 	0x0000	0 	0 	0 
15 	0x643a	1 	1 	1 
16 	0x6f5c	1 	1 	1 
17 	0x49dc	1 	1 	1 
18 	0x0000	0 	0 	0 
19 	0x501c	9 	9 	9 
20 	0x0000	0 	0 	0 
21 	0x0000	0 	0 	0 
22 	0x0000	0 	0 	0 
23 	0x0000	0 	0 	0 
24 	0x5ef4	6 	6 	6 
25 	0x0000	0 	0 	0 
26 	0x56c0	9 	9 	9 
27 	0x0000	0 	0 	0 
T 	2022-02-05 17:46:29	  41 	c1937 	 2763 
S

List 	First 	Count  	ArrayCount 	TraverseCount 
0 	0x565c	75 	75 	75 
1 	0x0000	0 	0 	0 
2 	0x45c2	1 	1 	1 
3 	0x45f4	1 	1 	1 
4 	0x0000	0 	0 	0 
5 	0x0000	0 	0 	0 
6 	0x0000	0 	0 	0 
7 	0x0000	0 	0 	0 
8 	0x0000	0 	0 	0 
9 	0x63d6	22 	22 	22 
10 	0x0000	0 	0 	0 
11 	0x0000	0 	0 	0 
12 	0x0000	0 	0 	0 
13 	0x5c38	134 	134 	134 
14 	0x0000	0 	0 	0 
15 	0x643a	1 	1 	1 
16 	0x6f5c	1 	1 	1 
17 	0x49dc	1 	1 	1 
18 	0x0000	0 	0 	0 
19 	0x501c	9 	9 	9 
20 	0x0000	0 	0 	0 
21 	0x0000	0 	0 	0 
22 	0x0000	0 	0 	0 
23 	0x0000	0 	0 	0 
24 	0x5530	6 	6 	6 
25 	0x0000	0 	0 	0 
26 	0x56c0	9 	9 	9 
27 	0x0000	0 	0 	0 
T 	2022-02-05 18:08:25	  43 	c1937 	 2763 
S

List 	First 	Count  	ArrayCount 	TraverseCount 
0 	0x74a2	75 	75 	75 
1 	0x0000	0 	0 	0 
2 	0x45c2	1 	1 	1 
3 	0x45f4	1 	1 	1 
4 	0x0000	0 	0 	0 
5 	0x0000	0 	0 	0 
6 	0x0000	0 	0 	0 
7 	0x0000	0 	0 	0 
8 	0x0000	0 	0 	0 
9 	0x55f8	26 	26 	26 
10 	0x0000	0 	0 	0 
11 	0x0000	0 	0 	0 
12 	0x0000	0 	0 	0 
13 	0x6598	130 	130 	130 
14 	0x0000	0 	0 	0 
15 	0x643a	1 	1 	1 
16 	0x6f5c	1 	1 	1 
17 	0x49dc	1 	1 	1 
18 	0x0000	0 	0 	0 
19 	0x501c	9 	9 	9 
20 	0x0000	0 	0 	0 
21 	0x0000	0 	0 	0 
22 	0x0000	0 	0 	0 
23 	0x0000	0 	0 	0 
24 	0x565c	6 	6 	6 
25 	0x0000	0 	0 	0 
26 	0x56c0	9 	9 	9 
27 	0x0000	0 	0 	0 
T 	2022-02-05 18:34:27	 441 	c1937 	 2763 
S

List 	First 	Count  	ArrayCount 	TraverseCount 
0 	0x4df6	75 	75 	75 
1 	0x0000	0 	0 	0 
2 	0x45c2	1 	1 	1 
3 	0x45f4	1 	1 	1 
4 	0x0000	0 	0 	0 
5 	0x0000	0 	0 	0 
6 	0x0000	0 	0 	0 
7 	0x0000	0 	0 	0 
8 	0x0000	0 	0 	0 
9 	0x62dc	31 	31 	31 
10 	0x0000	0 	0 	0 
11 	0x0000	0 	0 	0 
12 	0x0000	0 	0 	0 
13 	0x7506	125 	125 	125 
14 	0x0000	0 	0 	0 
15 	0x643a	1 	1 	1 
16 	0x6f5c	1 	1 	1 
17 	0x49dc	1 	1 	1 
18 	0x0000	0 	0 	0 
19 	0x501c	9 	9 	9 
20 	0x0000	0 	0 	0 
21 	0x0000	0 	0 	0 
22 	0x0000	0 	0 	0 
23 	0x0000	0 	0 	0 
24 	0x74a2	6 	6 	6 
25 	0x0000	0 	0 	0 
26 	0x56c0	9 	9 	9 
27 	0x0000	0 	0 	0 
T 	2022-02-05 19:04:47	 536 	c1937 	 2763 
S

List 	First 	Count  	ArrayCount 	TraverseCount 
0 	0x4e5a	75 	75 	75 
1 	0x0000	0 	0 	0 
2 	0x45c2	1 	1 	1 
3 	0x45f4	1 	1 	1 
4 	0x0000	0 	0 	0 
5 	0x0000	0 	0 	0 
6 	0x0000	0 	0 	0 
7 	0x0000	0 	0 	0 
8 	0x0000	0 	0 	0 
9 	0x4cfc	22 	22 	22 
10 	0x0000	0 	0 	0 
11 	0x0000	0 	0 	0 
12 	0x0000	0 	0 	0 
13 	0x6d9a	134 	134 	134 
14 	0x0000	0 	0 	0 
15 	0x643a	1 	1 	1 
16 	0x6f5c	1 	1 	1 
17 	0x49dc	1 	1 	1 
18 	0x0000	0 	0 	0 
19 	0x501c	9 	9 	9 
20 	0x0000	0 	0 	0 
21 	0x0000	0 	0 	0 
22 	0x0000	0 	0 	0 
23 	0x0000	0 	0 	0 
24 	0x4df6	6 	6 	6 
25 	0x0000	0 	0 	0 
26 	0x56c0	9 	9 	9 
27 	0x0000	0 	0 	0 
T 	2022-02-05 19:27:01	 843 	c1937 	 2763 
S

List 	First 	Count  	ArrayCount 	TraverseCount 
0 	0x5a12	75 	75 	75 
1 	0x0000	0 	0 	0 
2 	0x45c2	1 	1 	1 
3 	0x45f4	1 	1 	1 
4 	0x0000	0 	0 	0 
5 	0x0000	0 	0 	0 
6 	0x0000	0 	0 	0 
7 	0x0000	0 	0 	0 
8 	0x0000	0 	0 	0 
9 	0x4d2e	16 	16 	16 
10 	0x0000	0 	0 	0 
11 	0x0000	0 	0 	0 
12 	0x0000	0 	0 	0 
13 	0x5562	140 	140 	140 
14 	0x0000	0 	0 	0 
15 	0x643a	1 	1 	1 
16 	0x6f5c	1 	1 	1 
17 	0x49dc	1 	1 	1 
18 	0x0000	0 	0 	0 
19 	0x501c	9 	9 	9 
20 	0x0000	0 	0 	0 
21 	0x0000	0 	0 	0 
22 	0x0000	0 	0 	0 
23 	0x0000	0 	0 	0 
24 	0x568e	6 	6 	6 
25 	0x0000	0 	0 	0 
26 	0x56c0	9 	9 	9 
27 	0x0000	0 	0 	0 
T 	2022-02-05 19:43:09	  97 	c1937 	 2763 
S

List 	First 	Count  	ArrayCount 	TraverseCount 
0 	0x6f2a	75 	75 	75 
1 	0x0000	0 	0 	0 
2 	0x45c2	1 	1 	1 
3 	0x45f4	1 	1 	1 
4 	0x0000	0 	0 	0 
5 	0x0000	0 	0 	0 
6 	0x0000	0 	0 	0 
7 	0x0000	0 	0 	0 
8 	0x0000	0 	0 	0 
9 	0x74d4	15 	15 	15 
10 	0x0000	0 	0 	0 
11 	0x0000	0 	0 	0 
12 	0x0000	0 	0 	0 
13 	0x5dc8	141 	141 	141 
14 	0x0000	0 	0 	0 
15 	0x643a	1 	1 	1 
16 	0x6f5c	1 	1 	1 
17 	0x49dc	1 	1 	1 
18 	0x0000	0 	0 	0 
19 	0x501c	9 	9 	9 
20 	0x0000	0 	0 	0 
21 	0x0000	0 	0 	0 
22 	0x0000	0 	0 	0 
23 	0x0000	0 	0 	0 
24 	0x6980	6 	6 	6 
25 	0x0000	0 	0 	0 
26 	0x56c0	9 	9 	9 
27 	0x0000	0 	0 	0 
T 	2022-02-05 19:58:43	  48 	c1937 	 2763 
S

List 	First 	Count  	ArrayCount 	TraverseCount 
0 	0x568e	75 	75 	75 
1 	0x0000	0 	0 	0 
2 	0x45c2	1 	1 	1 
3 	0x45f4	1 	1 	1 
4 	0x0000	0 	0 	0 
5 	0x0000	0 	0 	0 
6 	0x0000	0 	0 	0 
7 	0x0000	0 	0 	0 
8 	0x0000	0 	0 	0 
9 	0x4df6	25 	25 	25 
10 	0x0000	0 	0 	0 
11 	0x0000	0 	0 	0 
12 	0x0000	0 	0 	0 
13 	0x533c	131 	131 	131 
14 	0x0000	0 	0 	0 
15 	0x643a	1 	1 	1 
16 	0x6f5c	1 	1 	1 
17 	0x49dc	1 	1 	1 
18 	0x0000	0 	0 	0 
19 	0x501c	9 	9 	9 
20 	0x0000	0 	0 	0 
21 	0x0000	0 	0 	0 
22 	0x0000	0 	0 	0 
23 	0x0000	0 	0 	0 
24 	0x6f2a	6 	6 	6 
25 	0x0000	0 	0 	0 
26 	0x56c0	9 	9 	9 
27 	0x0000	0 	0 	0 
T 	2022-02-05 20:23:37	 935 	c1937 	 2763 
S

List 	First 	Count  	ArrayCount 	TraverseCount 
0 	0x5e90	75 	75 	75 
1 	0x0000	0 	0 	0 
2 	0x45c2	1 	1 	1 
3 	0x45f4	1 	1 	1 
4 	0x0000	0 	0 	0 
5 	0x0000	0 	0 	0 
6 	0x0000	0 	0 	0 
7 	0x0000	0 	0 	0 
8 	0x0000	0 	0 	0 
9 	0x4a72	20 	20 	20 
10 	0x0000	0 	0 	0 
11 	0x0000	0 	0 	0 
12 	0x0000	0 	0 	0 
13 	0x5594	136 	136 	136 
14 	0x0000	0 	0 	0 
15 	0x643a	1 	1 	1 
16 	0x6f5c	1 	1 	1 
17 	0x49dc	1 	1 	1 
18 	0x0000	0 	0 	0 
19 	0x501c	9 	9 	9 
20 	0x0000	0 	0 	0 
21 	0x0000	0 	0 	0 
22 	0x0000	0 	0 	0 
23 	0x0000	0 	0 	0 
24 	0x65ca	6 	6 	6 
25 	0x0000	0 	0 	0 
26 	0x56c0	9 	9 	9 
27 	0x0000	0 	0 	0 
T 	2022-02-05 20:42:47	 543 	c1937 	 2763 
S

List 	First 	Count  	ArrayCount 	TraverseCount 
0 	0x6f2a	75 	75 	75 
1 	0x0000	0 	0 	0 
2 	0x45c2	1 	1 	1 
3 	0x45f4	1 	1 	1 
4 	0x0000	0 	0 	0 
5 	0x0000	0 	0 	0 
6 	0x0000	0 	0 	0 
7 	0x0000	0 	0 	0 
8 	0x0000	0 	0 	0 
9 	0x5e2c	17 	17 	17 
10 	0x0000	0 	0 	0 
11 	0x0000	0 	0 	0 
12 	0x0000	0 	0 	0 
13 	0x53a0	139 	139 	139 
14 	0x0000	0 	0 	0 
15 	0x643a	1 	1 	1 
16 	0x6f5c	1 	1 	1 
17 	0x49dc	1 	1 	1 
18 	0x0000	0 	0 	0 
19 	0x501c	9 	9 	9 
20 	0x0000	0 	0 	0 
21 	0x0000	0 	0 	0 
22 	0x0000	0 	0 	0 
23 	0x0000	0 	0 	0 
24 	0x5e90	6 	6 	6 
25 	0x0000	0 	0 	0 
26 	0x56c0	9 	9 	9 
27 	0x0000	0 	0 	0 
T 	2022-02-05 21:00:17	  95 	c1937 	 2763 
S

List 	First 	Count  	ArrayCount 	TraverseCount 
0 	0x7538	75 	75 	75 
1 	0x0000	0 	0 	0 
2 	0x45c2	1 	1 	1 
3 	0x45f4	1 	1 	1 
4 	0x0000	0 	0 	0 
5 	0x0000	0 	0 	0 
6 	0x0000	0 	0 	0 
7 	0x0000	0 	0 	0 
8 	0x0000	0 	0 	0 
9 	0x452c	19 	19 	19 
10 	0x0000	0 	0 	0 
11 	0x0000	0 	0 	0 
12 	0x0000	0 	0 	0 
13 	0x6408	137 	137 	137 
14 	0x0000	0 	0 	0 
15 	0x643a	1 	1 	1 
16 	0x6f5c	1 	1 	1 
17 	0x49dc	1 	1 	1 
18 	0x0000	0 	0 	0 
19 	0x501c	9 	9 	9 
20 	0x0000	0 	0 	0 
21 	0x0000	0 	0 	0 
22 	0x0000	0 	0 	0 
23 	0x0000	0 	0 	0 
24 	0x6f2a	6 	6 	6 
25 	0x0000	0 	0 	0 
26 	0x56c0	9 	9 	9 
27 	0x0000	0 	0 	0 
T 	2022-02-05 21:18:47	 542 	c1937 	 2763 
S

List 	First 	Count  	ArrayCount 	TraverseCount 
0 	0x4c02	75 	75 	75 
1 	0x0000	0 	0 	0 
2 	0x45c2	1 	1 	1 
3 	0x45f4	1 	1 	1 
4 	0x0000	0 	0 	0 
5 	0x0000	0 	0 	0 
6 	0x0000	0 	0 	0 
7 	0x0000	0 	0 	0 
8 	0x0000	0 	0 	0 
9 	0x6b74	14 	14 	14 
10 	0x0000	0 	0 	0 
11 	0x0000	0 	0 	0 
12 	0x0000	0 	0 	0 
13 	0x691c	142 	142 	142 
14 	0x0000	0 	0 	0 
15 	0x643a	1 	1 	1 
16 	0x6f5c	1 	1 	1 
17 	0x49dc	1 	1 	1 
18 	0x0000	0 	0 	0 
19 	0x501c	9 	9 	9 
20 	0x0000	0 	0 	0 
21 	0x0000	0 	0 	0 
22 	0x0000	0 	0 	0 
23 	0x0000	0 	0 	0 
24 	0x5436	6 	6 	6 
25 	0x0000	0 	0 	0 
26 	0x56c0	9 	9 	9 
27 	0x0000	0 	0 	0 
T 	2022-02-05 21:33:02	 314 	c1937 	 2763 
S

List 	First 	Count  	ArrayCount 	TraverseCount 
0 	0x4658	75 	75 	75 
1 	0x0000	0 	0 	0 
2 	0x45c2	1 	1 	1 
3 	0x45f4	1 	1 	1 
4 	0x0000	0 	0 	0 
5 	0x0000	0 	0 	0 
6 	0x0000	0 	0 	0 
7 	0x0000	0 	0 	0 
8 	0x0000	0 	0 	0 
9 	0x74d4	13 	13 	13 
10 	0x0000	0 	0 	0 
11 	0x0000	0 	0 	0 
12 	0x0000	0 	0 	0 
13 	0x481a	143 	143 	143 
14 	0x0000	0 	0 	0 
15 	0x643a	1 	1 	1 
16 	0x6f5c	1 	1 	1 
17 	0x49dc	1 	1 	1 
18 	0x0000	0 	0 	0 
19 	0x501c	9 	9 	9 
20 	0x0000	0 	0 	0 
21 	0x0000	0 	0 	0 
22 	0x0000	0 	0 	0 
23 	0x0000	0 	0 	0 
24 	0x5e90	6 	6 	6 
25 	0x0000	0 	0 	0 
26 	0x56c0	9 	9 	9 
27 	0x0000	0 	0 	0 
T 	2022-02-05 21:46:13	  47 	c1937 	 2763 
S

List 	First 	Count  	ArrayCount 	TraverseCount 
0 	0x5148	75 	75 	75 
1 	0x0000	0 	0 	0 
2 	0x45c2	1 	1 	1 
3 	0x45f4	1 	1 	1 
4 	0x0000	0 	0 	0 
5 	0x0000	0 	0 	0 
6 	0x0000	0 	0 	0 
7 	0x0000	0 	0 	0 
8 	0x0000	0 	0 	0 
9 	0x5f58	22 	22 	22 
10 	0x0000	0 	0 	0 
11 	0x0000	0 	0 	0 
12 	0x0000	0 	0 	0 
13 	0x61b0	134 	134 	134 
14 	0x0000	0 	0 	0 
15 	0x643a	1 	1 	1 
16 	0x6f5c	1 	1 	1 
17 	0x49dc	1 	1 	1 
18 	0x0000	0 	0 	0 
19 	0x501c	9 	9 	9 
20 	0x0000	0 	0 	0 
21 	0x0000	0 	0 	0 
22 	0x0000	0 	0 	0 
23 	0x0000	0 	0 	0 
24 	0x4658	6 	6 	6 
25 	0x0000	0 	0 	0 
26 	0x56c0	9 	9 	9 
27 	0x0000	0 	0 	0 
T 	2022-02-05 22:08:26	 681 	c1937 	 2763 
S

List 	First 	Count  	ArrayCount 	TraverseCount 
0 	0x4626	75 	75 	75 
1 	0x0000	0 	0 	0 
2 	0x45c2	1 	1 	1 
3 	0x45f4	1 	1 	1 
4 	0x0000	0 	0 	0 
5 	0x0000	0 	0 	0 
6 	0x0000	0 	0 	0 
7 	0x0000	0 	0 	0 
8 	0x0000	0 	0 	0 
9 	0x5b3e	19 	19 	19 
10 	0x0000	0 	0 	0 
11 	0x0000	0 	0 	0 
12 	0x0000	0 	0 	0 
13 	0x6e62	137 	137 	137 
14 	0x0000	0 	0 	0 
15 	0x643a	1 	1 	1 
16 	0x6f5c	1 	1 	1 
17 	0x49dc	1 	1 	1 
18 	0x0000	0 	0 	0 
19 	0x501c	9 	9 	9 
20 	0x0000	0 	0 	0 
21 	0x0000	0 	0 	0 
22 	0x0000	0 	0 	0 
23 	0x0000	0 	0 	0 
24 	0x6ca0	6 	6 	6 
25 	0x0000	0 	0 	0 
26 	0x56c0	9 	9 	9 
27 	0x0000	0 	0 	0 
T 	2022-02-05 22:27:01	 240 	c1937 	 2763 
S

List 	First 	Count  	ArrayCount 	TraverseCount 
0 	0x47e8	75 	75 	75 
1 	0x0000	0 	0 	0 
2 	0x45c2	1 	1 	1 
3 	0x45f4	1 	1 	1 
4 	0x0000	0 	0 	0 
5 	0x0000	0 	0 	0 
6 	0x0000	0 	0 	0 
7 	0x0000	0 	0 	0 
8 	0x0000	0 	0 	0 
9 	0x4c02	18 	18 	18 
10 	0x0000	0 	0 	0 
11 	0x0000	0 	0 	0 
12 	0x0000	0 	0 	0 
13 	0x5aa8	138 	138 	138 
14 	0x0000	0 	0 	0 
15 	0x643a	1 	1 	1 
16 	0x6f5c	1 	1 	1 
17 	0x49dc	1 	1 	1 
18 	0x0000	0 	0 	0 
19 	0x501c	9 	9 	9 
20 	0x0000	0 	0 	0 
21 	0x0000	0 	0 	0 
22 	0x0000	0 	0 	0 
23 	0x0000	0 	0 	0 
24 	0x4626	6 	6 	6 
25 	0x0000	0 	0 	0 
26 	0x56c0	9 	9 	9 
27 	0x0000	0 	0 	0 
T 	2022-02-05 22:45:07	 646 	c1937 	 2763 
S

List 	First 	Count  	ArrayCount 	TraverseCount 
0 	0x6ca0	75 	75 	75 
1 	0x0000	0 	0 	0 
2 	0x45c2	1 	1 	1 
3 	0x45f4	1 	1 	1 
4 	0x0000	0 	0 	0 
5 	0x0000	0 	0 	0 
6 	0x0000	0 	0 	0 
7 	0x0000	0 	0 	0 
8 	0x0000	0 	0 	0 
9 	0x5ada	20 	20 	20 
10 	0x0000	0 	0 	0 
11 	0x0000	0 	0 	0 
12 	0x0000	0 	0 	0 
13 	0x5882	136 	136 	136 
14 	0x0000	0 	0 	0 
15 	0x643a	1 	1 	1 
16 	0x6f5c	1 	1 	1 
17 	0x49dc	1 	1 	1 
18 	0x0000	0 	0 	0 
19 	0x501c	9 	9 	9 
20 	0x0000	0 	0 	0 
21 	0x0000	0 	0 	0 
22 	0x0000	0 	0 	0 
23 	0x0000	0 	0 	0 
24 	0x47e8	6 	6 	6 
25 	0x0000	0 	0 	0 
26 	0x56c0	9 	9 	9 
27 	0x0000	0 	0 	0 
T 	2022-02-05 23:05:00	 809 	c1937 	 2763 
S

List 	First 	Count  	ArrayCount 	TraverseCount 
0 	0x4b9e	75 	75 	75 
1 	0x0000	0 	0 	0 
2 	0x45c2	1 	1 	1 
3 	0x45f4	1 	1 	1 
4 	0x0000	0 	0 	0 
5 	0x0000	0 	0 	0 
6 	0x0000	0 	0 	0 
7 	0x0000	0 	0 	0 
8 	0x0000	0 	0 	0 
9 	0x5b3e	21 	21 	21 
10 	0x0000	0 	0 	0 
11 	0x0000	0 	0 	0 
12 	0x0000	0 	0 	0 
13 	0x5d32	135 	135 	135 
14 	0x0000	0 	0 	0 
15 	0x643a	1 	1 	1 
16 	0x6f5c	1 	1 	1 
17 	0x49dc	1 	1 	1 
18 	0x0000	0 	0 	0 
19 	0x501c	9 	9 	9 
20 	0x0000	0 	0 	0 
21 	0x0000	0 	0 	0 
22 	0x0000	0 	0 	0 
23 	0x0000	0 	0 	0 
24 	0x63d6	6 	6 	6 
25 	0x0000	0 	0 	0 
26 	0x56c0	9 	9 	9 
27 	0x0000	0 	0 	0 
T 	2022-02-05 23:25:47	 541 	c1937 	 2763 
S

List 	First 	Count  	ArrayCount 	TraverseCount 
0 	0x54cc	75 	75 	75 
1 	0x0000	0 	0 	0 
2 	0x45c2	1 	1 	1 
3 	0x45f4	1 	1 	1 
4 	0x0000	0 	0 	0 
5 	0x0000	0 	0 	0 
6 	0x0000	0 	0 	0 
7 	0x0000	0 	0 	0 
8 	0x0000	0 	0 	0 
9 	0x694e	29 	29 	29 
10 	0x0000	0 	0 	0 
11 	0x0000	0 	0 	0 
12 	0x0000	0 	0 	0 
13 	0x4626	127 	127 	127 
14 	0x0000	0 	0 	0 
15 	0x643a	1 	1 	1 
16 	0x6f5c	1 	1 	1 
17 	0x49dc	1 	1 	1 
18 	0x0000	0 	0 	0 
19 	0x501c	9 	9 	9 
20 	0x0000	0 	0 	0 
21 	0x0000	0 	0 	0 
22 	0x0000	0 	0 	0 
23 	0x0000	0 	0 	0 
24 	0x55c6	6 	6 	6 
25 	0x0000	0 	0 	0 
26 	0x56c0	9 	9 	9 
27 	0x0000	0 	0 	0 
T 	2022-02-05 23:55:05	 487 	c1937 	 2763 
S

List 	First 	Count  	ArrayCount 	TraverseCount 
0 	0x6bd8	75 	75 	75 
1 	0x0000	0 	0 	0 
2 	0x45c2	1 	1 	1 
3 	0x45f4	1 	1 	1 
4 	0x0000	0 	0 	0 
5 	0x0000	0 	0 	0 
6 	0x0000	0 	0 	0 
7 	0x0000	0 	0 	0 
8 	0x0000	0 	0 	0 
9 	0x4c66	22 	22 	22 
10 	0x0000	0 	0 	0 
11 	0x0000	0 	0 	0 
12 	0x0000	0 	0 	0 
13 	0x5d64	134 	134 	134 
14 	0x0000	0 	0 	0 
15 	0x643a	1 	1 	1 
16 	0x6f5c	1 	1 	1 
17 	0x49dc	1 	1 	1 
18 	0x0000	0 	0 	0 
19 	0x501c	9 	9 	9 
20 	0x0000	0 	0 	0 
21 	0x0000	0 	0 	0 
22 	0x0000	0 	0 	0 
23 	0x0000	0 	0 	0 
24 	0x54cc	6 	6 	6 
25 	0x0000	0 	0 	0 
26 	0x56c0	9 	9 	9 
27 	0x0000	0 	0 	0 
T 	2022-02-06 00:17:27	 585 	c1937 	 2763 
S

List 	First 	Count  	ArrayCount 	TraverseCount 
0 	0x7376	75 	75 	75 
1 	0x0000	0 	0 	0 
2 	0x45c2	1 	1 	1 
3 	0x45f4	1 	1 	1 
4 	0x0000	0 	0 	0 
5 	0x0000	0 	0 	0 
6 	0x0000	0 	0 	0 
7 	0x0000	0 	0 	0 
8 	0x0000	0 	0 	0 
9 	0x5ef4	14 	14 	14 
10 	0x0000	0 	0 	0 
11 	0x0000	0 	0 	0 
12 	0x0000	0 	0 	0 
13 	0x52d8	142 	142 	142 
14 	0x0000	0 	0 	0 
15 	0x643a	1 	1 	1 
16 	0x6f5c	1 	1 	1 
17 	0x49dc	1 	1 	1 
18 	0x0000	0 	0 	0 
19 	0x501c	9 	9 	9 
20 	0x0000	0 	0 	0 
21 	0x0000	0 	0 	0 
22 	0x0000	0 	0 	0 
23 	0x0000	0 	0 	0 
24 	0x743e	6 	6 	6 
25 	0x0000	0 	0 	0 
26 	0x56c0	9 	9 	9 
27 	0x0000	0 	0 	0 
T 	2022-02-06 00:31:00	 671 	c1937 	 2763 
S

List 	First 	Count  	ArrayCount 	TraverseCount 
0 	0x62dc	75 	75 	75 
1 	0x0000	0 	0 	0 
2 	0x45c2	1 	1 	1 
3 	0x45f4	1 	1 	1 
4 	0x0000	0 	0 	0 
5 	0x0000	0 	0 	0 
6 	0x0000	0 	0 	0 
7 	0x0000	0 	0 	0 
8 	0x0000	0 	0 	0 
9 	0x4dc4	14 	14 	14 
10 	0x0000	0 	0 	0 
11 	0x0000	0 	0 	0 
12 	0x0000	0 	0 	0 
13 	0x7218	142 	142 	142 
14 	0x0000	0 	0 	0 
15 	0x643a	1 	1 	1 
16 	0x6f5c	1 	1 	1 
17 	0x49dc	1 	1 	1 
18 	0x0000	0 	0 	0 
19 	0x501c	9 	9 	9 
20 	0x0000	0 	0 	0 
21 	0x0000	0 	0 	0 
22 	0x0000	0 	0 	0 
23 	0x0000	0 	0 	0 
24 	0x4c34	6 	6 	6 
25 	0x0000	0 	0 	0 
26 	0x56c0	9 	9 	9 
27 	0x0000	0 	0 	0 
T 	2022-02-06 00:45:41	  40 	c1937 	 2763 
S

List 	First 	Count  	ArrayCount 	TraverseCount 
0 	0x72ae	75 	75 	75 
1 	0x0000	0 	0 	0 
2 	0x45c2	1 	1 	1 
3 	0x45f4	1 	1 	1 
4 	0x0000	0 	0 	0 
5 	0x0000	0 	0 	0 
6 	0x0000	0 	0 	0 
7 	0x0000	0 	0 	0 
8 	0x0000	0 	0 	0 
9 	0x70ba	16 	16 	16 
10 	0x0000	0 	0 	0 
11 	0x0000	0 	0 	0 
12 	0x0000	0 	0 	0 
13 	0x7182	140 	140 	140 
14 	0x0000	0 	0 	0 
15 	0x643a	1 	1 	1 
16 	0x6f5c	1 	1 	1 
17 	0x49dc	1 	1 	1 
18 	0x0000	0 	0 	0 
19 	0x501c	9 	9 	9 
20 	0x0000	0 	0 	0 
21 	0x0000	0 	0 	0 
22 	0x0000	0 	0 	0 
23 	0x0000	0 	0 	0 
24 	0x62dc	6 	6 	6 
25 	0x0000	0 	0 	0 
26 	0x56c0	9 	9 	9 
27 	0x0000	0 	0 	0 
T 	2022-02-06 01:00:52	 314 	c1937 	 2763 
S

List 	First 	Count  	ArrayCount 	TraverseCount 
0 	0x7376	75 	75 	75 
1 	0x0000	0 	0 	0 
2 	0x45c2	1 	1 	1 
3 	0x45f4	1 	1 	1 
4 	0x0000	0 	0 	0 
5 	0x0000	0 	0 	0 
6 	0x0000	0 	0 	0 
7 	0x0000	0 	0 	0 
8 	0x0000	0 	0 	0 
9 	0x4c98	12 	12 	12 
10 	0x0000	0 	0 	0 
11 	0x0000	0 	0 	0 
12 	0x0000	0 	0 	0 
13 	0x6a7a	144 	144 	144 
14 	0x0000	0 	0 	0 
15 	0x643a	1 	1 	1 
16 	0x6f5c	1 	1 	1 
17 	0x49dc	1 	1 	1 
18 	0x0000	0 	0 	0 
19 	0x501c	9 	9 	9 
20 	0x0000	0 	0 	0 
21 	0x0000	0 	0 	0 
22 	0x0000	0 	0 	0 
23 	0x0000	0 	0 	0 
24 	0x72ae	6 	6 	6 
25 	0x0000	0 	0 	0 
26 	0x56c0	9 	9 	9 
27 	0x0000	0 	0 	0 
T 	2022-02-06 01:12:53	 440 	c1937 	 2763 
S

List 	First 	Count  	ArrayCount 	TraverseCount 
0 	0x5242	75 	75 	75 
1 	0x0000	0 	0 	0 
2 	0x45c2	1 	1 	1 
3 	0x45f4	1 	1 	1 
4 	0x0000	0 	0 	0 
5 	0x0000	0 	0 	0 
6 	0x0000	0 	0 	0 
7 	0x0000	0 	0 	0 
8 	0x0000	0 	0 	0 
9 	0x5dc8	14 	14 	14 
10 	0x0000	0 	0 	0 
11 	0x0000	0 	0 	0 
12 	0x0000	0 	0 	0 
13 	0x597c	142 	142 	142 
14 	0x0000	0 	0 	0 
15 	0x643a	1 	1 	1 
16 	0x6f5c	1 	1 	1 
17 	0x49dc	1 	1 	1 
18 	0x0000	0 	0 	0 
19 	0x501c	9 	9 	9 
20 	0x0000	0 	0 	0 
21 	0x0000	0 	0 	0 
22 	0x0000	0 	0 	0 
23 	0x0000	0 	0 	0 
24 	0x4c34	6 	6 	6 
25 	0x0000	0 	0 	0 
26 	0x56c0	9 	9 	9 
27 	0x0000	0 	0 	0 
T 	2022-02-06 01:27:01	  45 	c1937 	 2763 
S

List 	First 	Count  	ArrayCount 	TraverseCount 
0 	0x62aa	75 	75 	75 
1 	0x0000	0 	0 	0 
2 	0x45c2	1 	1 	1 
3 	0x45f4	1 	1 	1 
4 	0x0000	0 	0 	0 
5 	0x0000	0 	0 	0 
6 	0x0000	0 	0 	0 
7 	0x0000	0 	0 	0 
8 	0x0000	0 	0 	0 
9 	0x66f6	14 	14 	14 
10 	0x0000	0 	0 	0 
11 	0x0000	0 	0 	0 
12 	0x0000	0 	0 	0 
13 	0x74a2	142 	142 	142 
14 	0x0000	0 	0 	0 
15 	0x643a	1 	1 	1 
16 	0x6f5c	1 	1 	1 
17 	0x49dc	1 	1 	1 
18 	0x0000	0 	0 	0 
19 	0x501c	9 	9 	9 
20 	0x0000	0 	0 	0 
21 	0x0000	0 	0 	0 
22 	0x0000	0 	0 	0 
23 	0x0000	0 	0 	0 
24 	0x4ebe	6 	6 	6 
25 	0x0000	0 	0 	0 
26 	0x56c0	9 	9 	9 
27 	0x0000	0 	0 	0 
T 	2022-02-06 01:41:00	 615 	c1937 	 2763 
S

List 	First 	Count  	ArrayCount 	TraverseCount 
0 	0x5fee	75 	75 	75 
1 	0x0000	0 	0 	0 
2 	0x45c2	1 	1 	1 
3 	0x45f4	1 	1 	1 
4 	0x0000	0 	0 	0 
5 	0x0000	0 	0 	0 
6 	0x0000	0 	0 	0 
7 	0x0000	0 	0 	0 
8 	0x0000	0 	0 	0 
9 	0x4946	13 	13 	13 
10 	0x0000	0 	0 	0 
11 	0x0000	0 	0 	0 
12 	0x0000	0 	0 	0 
13 	0x484c	143 	143 	143 
14 	0x0000	0 	0 	0 
15 	0x643a	1 	1 	1 
16 	0x6f5c	1 	1 	1 
17 	0x49dc	1 	1 	1 
18 	0x0000	0 	0 	0 
19 	0x501c	9 	9 	9 
20 	0x0000	0 	0 	0 
21 	0x0000	0 	0 	0 
22 	0x0000	0 	0 	0 
23 	0x0000	0 	0 	0 
24 	0x6fc0	6 	6 	6 
25 	0x0000	0 	0 	0 
26 	0x56c0	9 	9 	9 
27 	0x0000	0 	0 	0 
T 	2022-02-06 01:54:25	 442 	c1937 	 2763 
S

List 	First 	Count  	ArrayCount 	TraverseCount 
0 	0x5562	75 	75 	75 
1 	0x0000	0 	0 	0 
2 	0x45c2	1 	1 	1 
3 	0x45f4	1 	1 	1 
4 	0x0000	0 	0 	0 
5 	0x0000	0 	0 	0 
6 	0x0000	0 	0 	0 
7 	0x0000	0 	0 	0 
8 	0x0000	0 	0 	0 
9 	0x7506	16 	16 	16 
10 	0x0000	0 	0 	0 
11 	0x0000	0 	0 	0 
12 	0x0000	0 	0 	0 
13 	0x73da	140 	140 	140 
14 	0x0000	0 	0 	0 
15 	0x643a	1 	1 	1 
16 	0x6f5c	1 	1 	1 
17 	0x49dc	1 	1 	1 
18 	0x0000	0 	0 	0 
19 	0x501c	9 	9 	9 
20 	0x0000	0 	0 	0 
21 	0x0000	0 	0 	0 
22 	0x0000	0 	0 	0 
23 	0x0000	0 	0 	0 
24 	0x5fee	6 	6 	6 
25 	0x0000	0 	0 	0 
26 	0x56c0	9 	9 	9 
27 	0x0000	0 	0 	0 
T 	2022-02-06 02:09:51	 885 	c1937 	 2763 
S

List 	First 	Count  	ArrayCount 	TraverseCount 
0 	0x62aa	75 	75 	75 
1 	0x0000	0 	0 	0 
2 	0x45c2	1 	1 	1 
3 	0x45f4	1 	1 	1 
4 	0x0000	0 	0 	0 
5 	0x0000	0 	0 	0 
6 	0x0000	0 	0 	0 
7 	0x0000	0 	0 	0 
8 	0x0000	0 	0 	0 
9 	0x6b74	13 	13 	13 
10 	0x0000	0 	0 	0 
11 	0x0000	0 	0 	0 
12 	0x0000	0 	0 	0 
13 	0x6c0a	143 	143 	143 
14 	0x0000	0 	0 	0 
15 	0x643a	1 	1 	1 
16 	0x6f5c	1 	1 	1 
17 	0x49dc	1 	1 	1 
18 	0x0000	0 	0 	0 
19 	0x501c	9 	9 	9 
20 	0x0000	0 	0 	0 
21 	0x0000	0 	0 	0 
22 	0x0000	0 	0 	0 
23 	0x0000	0 	0 	0 
24 	0x72ae	6 	6 	6 
25 	0x0000	0 	0 	0 
26 	0x56c0	9 	9 	9 
27 	0x0000	0 	0 	0 
T 	2022-02-06 02:23:07	 238 	c1937 	 2763 
S

List 	First 	Count  	ArrayCount 	TraverseCount 
0 	0x4ebe	75 	75 	75 
1 	0x0000	0 	0 	0 
2 	0x45c2	1 	1 	1 
3 	0x45f4	1 	1 	1 
4 	0x0000	0 	0 	0 
5 	0x0000	0 	0 	0 
6 	0x0000	0 	0 	0 
7 	0x0000	0 	0 	0 
8 	0x0000	0 	0 	0 
9 	0x4946	16 	16 	16 
10 	0x0000	0 	0 	0 
11 	0x0000	0 	0 	0 
12 	0x0000	0 	0 	0 
13 	0x7088	140 	140 	140 
14 	0x0000	0 	0 	0 
15 	0x643a	1 	1 	1 
16 	0x6f5c	1 	1 	1 
17 	0x49dc	1 	1 	1 
18 	0x0000	0 	0 	0 
19 	0x501c	9 	9 	9 
20 	0x0000	0 	0 	0 
21 	0x0000	0 	0 	0 
22 	0x0000	0 	0 	0 
23 	0x0000	0 	0 	0 
24 	0x6fc0	6 	6 	6 
25 	0x0000	0 	0 	0 
26 	0x56c0	9 	9 	9 
27 	0x0000	0 	0 	0 
T 	2022-02-06 02:39:00	 813 	c1937 	 2763 
S

List 	First 	Count  	ArrayCount 	TraverseCount 
0 	0x72ae	75 	75 	75 
1 	0x0000	0 	0 	0 
2 	0x45c2	1 	1 	1 
3 	0x45f4	1 	1 	1 
4 	0x0000	0 	0 	0 
5 	0x0000	0 	0 	0 
6 	0x0000	0 	0 	0 
7 	0x0000	0 	0 	0 
8 	0x0000	0 	0 	0 
9 	0x5274	14 	14 	14 
10 	0x0000	0 	0 	0 
11 	0x0000	0 	0 	0 
12 	0x0000	0 	0 	0 
13 	0x64d0	142 	142 	142 
14 	0x0000	0 	0 	0 
15 	0x643a	1 	1 	1 
16 	0x6f5c	1 	1 	1 
17 	0x49dc	1 	1 	1 
18 	0x0000	0 	0 	0 
19 	0x501c	9 	9 	9 
20 	0x0000	0 	0 	0 
21 	0x0000	0 	0 	0 
22 	0x0000	0 	0 	0 
23 	0x0000	0 	0 	0 
24 	0x4ebe	6 	6 	6 
25 	0x0000	0 	0 	0 
26 	0x56c0	9 	9 	9 
27 	0x0000	0 	0 	0 
T 	2022-02-06 02:53:14	 661 	c1937 	 2763 
S

List 	First 	Count  	ArrayCount 	TraverseCount 
0 	0x727c	75 	75 	75 
1 	0x0000	0 	0 	0 
2 	0x45c2	1 	1 	1 
3 	0x45f4	1 	1 	1 
4 	0x0000	0 	0 	0 
5 	0x0000	0 	0 	0 
6 	0x0000	0 	0 	0 
7 	0x0000	0 	0 	0 
8 	0x0000	0 	0 	0 
9 	0x5cce	16 	16 	16 
10 	0x0000	0 	0 	0 
11 	0x0000	0 	0 	0 
12 	0x0000	0 	0 	0 
13 	0x60e8	140 	140 	140 
14 	0x0000	0 	0 	0 
15 	0x643a	1 	1 	1 
16 	0x6f5c	1 	1 	1 
17 	0x49dc	1 	1 	1 
18 	0x0000	0 	0 	0 
19 	0x501c	9 	9 	9 
20 	0x0000	0 	0 	0 
21 	0x0000	0 	0 	0 
22 	0x0000	0 	0 	0 
23 	0x0000	0 	0 	0 
24 	0x649e	6 	6 	6 
25 	0x0000	0 	0 	0 
26 	0x56c0	9 	9 	9 
27 	0x0000	0 	0 	0 
T 	2022-02-06 03:09:08	 316 	c1937 	 2763 
S

List 	First 	Count  	ArrayCount 	TraverseCount 
0 	0x46ee	75 	75 	75 
1 	0x0000	0 	0 	0 
2 	0x45c2	1 	1 	1 
3 	0x45f4	1 	1 	1 
4 	0x0000	0 	0 	0 
5 	0x0000	0 	0 	0 
6 	0x0000	0 	0 	0 
7 	0x0000	0 	0 	0 
8 	0x0000	0 	0 	0 
9 	0x4f22	17 	17 	17 
10 	0x0000	0 	0 	0 
11 	0x0000	0 	0 	0 
12 	0x0000	0 	0 	0 
13 	0x5fee	139 	139 	139 
14 	0x0000	0 	0 	0 
15 	0x643a	1 	1 	1 
16 	0x6f5c	1 	1 	1 
17 	0x49dc	1 	1 	1 
18 	0x0000	0 	0 	0 
19 	0x501c	9 	9 	9 
20 	0x0000	0 	0 	0 
21 	0x0000	0 	0 	0 
22 	0x0000	0 	0 	0 
23 	0x0000	0 	0 	0 
24 	0x727c	6 	6 	6 
25 	0x0000	0 	0 	0 
26 	0x56c0	9 	9 	9 
27 	0x0000	0 	0 	0 
T 	2022-02-06 03:25:58	 682 	c1937 	 2763 
S

List 	First 	Count  	ArrayCount 	TraverseCount 
0 	0x649e	75 	75 	75 
1 	0x0000	0 	0 	0 
2 	0x45c2	1 	1 	1 
3 	0x45f4	1 	1 	1 
4 	0x0000	0 	0 	0 
5 	0x0000	0 	0 	0 
6 	0x0000	0 	0 	0 
7 	0x0000	0 	0 	0 
8 	0x0000	0 	0 	0 
9 	0x6728	17 	17 	17 
10 	0x0000	0 	0 	0 
11 	0x0000	0 	0 	0 
12 	0x0000	0 	0 	0 
13 	0x57ba	139 	139 	139 
14 	0x0000	0 	0 	0 
15 	0x643a	1 	1 	1 
16 	0x6f5c	1 	1 	1 
17 	0x49dc	1 	1 	1 
18 	0x0000	0 	0 	0 
19 	0x501c	9 	9 	9 
20 	0x0000	0 	0 	0 
21 	0x0000	0 	0 	0 
22 	0x0000	0 	0 	0 
23 	0x0000	0 	0 	0 
24 	0x5918	6 	6 	6 
25 	0x0000	0 	0 	0 
26 	0x56c0	9 	9 	9 
27 	0x0000	0 	0 	0 
T 	2022-02-06 03:43:31	  95 	c1937 	 2763 
S

List 	First 	Count  	ArrayCount 	TraverseCount 
0 	0x727c	75 	75 	75 
1 	0x0000	0 	0 	0 
2 	0x45c2	1 	1 	1 
3 	0x45f4	1 	1 	1 
4 	0x0000	0 	0 	0 
5 	0x0000	0 	0 	0 
6 	0x0000	0 	0 	0 
7 	0x0000	0 	0 	0 
8 	0x0000	0 	0 	0 
9 	0x7696	14 	14 	14 
10 	0x0000	0 	0 	0 
11 	0x0000	0 	0 	0 
12 	0x0000	0 	0 	0 
13 	0x4f54	142 	142 	142 
14 	0x0000	0 	0 	0 
15 	0x643a	1 	1 	1 
16 	0x6f5c	1 	1 	1 
17 	0x49dc	1 	1 	1 
18 	0x0000	0 	0 	0 
19 	0x501c	9 	9 	9 
20 	0x0000	0 	0 	0 
21 	0x0000	0 	0 	0 
22 	0x0000	0 	0 	0 
23 	0x0000	0 	0 	0 
24 	0x649e	6 	6 	6 
25 	0x0000	0 	0 	0 
26 	0x56c0	9 	9 	9 
27 	0x0000	0 	0 	0 
T 	2022-02-06 03:57:00	 714 	c1937 	 2763 
S

List 	First 	Count  	ArrayCount 	TraverseCount 
0 	0x57ec	75 	75 	75 
1 	0x0000	0 	0 	0 
2 	0x45c2	1 	1 	1 
3 	0x45f4	1 	1 	1 
4 	0x0000	0 	0 	0 
5 	0x0000	0 	0 	0 
6 	0x0000	0 	0 	0 
7 	0x0000	0 	0 	0 
8 	0x0000	0 	0 	0 
9 	0x5a76	13 	13 	13 
10 	0x0000	0 	0 	0 
11 	0x0000	0 	0 	0 
12 	0x0000	0 	0 	0 
13 	0x6b10	143 	143 	143 
14 	0x0000	0 	0 	0 
15 	0x643a	1 	1 	1 
16 	0x6f5c	1 	1 	1 
17 	0x49dc	1 	1 	1 
18 	0x0000	0 	0 	0 
19 	0x501c	9 	9 	9 
20 	0x0000	0 	0 	0 
21 	0x0000	0 	0 	0 
22 	0x0000	0 	0 	0 
23 	0x0000	0 	0 	0 
24 	0x5116	6 	6 	6 
25 	0x0000	0 	0 	0 
26 	0x56c0	9 	9 	9 
27 	0x0000	0 	0 	0 
T 	2022-02-06 04:10:01	 238 	c1937 	 2763 
S

List 	First 	Count  	ArrayCount 	TraverseCount 
0 	0x5fbc	75 	75 	75 
1 	0x0000	0 	0 	0 
2 	0x45c2	1 	1 	1 
3 	0x45f4	1 	1 	1 
4 	0x0000	0 	0 	0 
5 	0x0000	0 	0 	0 
6 	0x0000	0 	0 	0 
7 	0x0000	0 	0 	0 
8 	0x0000	0 	0 	0 
9 	0x6340	13 	13 	13 
10 	0x0000	0 	0 	0 
11 	0x0000	0 	0 	0 
12 	0x0000	0 	0 	0 
13 	0x71e6	143 	143 	143 
14 	0x0000	0 	0 	0 
15 	0x643a	1 	1 	1 
16 	0x6f5c	1 	1 	1 
17 	0x49dc	1 	1 	1 
18 	0x0000	0 	0 	0 
19 	0x501c	9 	9 	9 
20 	0x0000	0 	0 	0 
21 	0x0000	0 	0 	0 
22 	0x0000	0 	0 	0 
23 	0x0000	0 	0 	0 
24 	0x533c	6 	6 	6 
25 	0x0000	0 	0 	0 
26 	0x56c0	9 	9 	9 
27 	0x0000	0 	0 	0 
T 	2022-02-06 04:23:42	 665 	c1937 	 2763 
S

List 	First 	Count  	ArrayCount 	TraverseCount 
0 	0x4752	75 	75 	75 
1 	0x0000	0 	0 	0 
2 	0x45c2	1 	1 	1 
3 	0x45f4	1 	1 	1 
4 	0x0000	0 	0 	0 
5 	0x0000	0 	0 	0 
6 	0x0000	0 	0 	0 
7 	0x0000	0 	0 	0 
8 	0x0000	0 	0 	0 
9 	0x517a	12 	12 	12 
10 	0x0000	0 	0 	0 
11 	0x0000	0 	0 	0 
12 	0x0000	0 	0 	0 
13 	0x65ca	144 	144 	144 
14 	0x0000	0 	0 	0 
15 	0x643a	1 	1 	1 
16 	0x6f5c	1 	1 	1 
17 	0x49dc	1 	1 	1 
18 	0x0000	0 	0 	0 
19 	0x501c	9 	9 	9 
20 	0x0000	0 	0 	0 
21 	0x0000	0 	0 	0 
22 	0x0000	0 	0 	0 
23 	0x0000	0 	0 	0 
24 	0x5fbc	6 	6 	6 
25 	0x0000	0 	0 	0 
26 	0x56c0	9 	9 	9 
27 	0x0000	0 	0 	0 
T 	2022-02-06 04:35:35	 890 	c1937 	 2763 
S

List 	First 	Count  	ArrayCount 	TraverseCount 
0 	0x4720	75 	75 	75 
1 	0x0000	0 	0 	0 
2 	0x45c2	1 	1 	1 
3 	0x45f4	1 	1 	1 
4 	0x0000	0 	0 	0 
5 	0x0000	0 	0 	0 
6 	0x0000	0 	0 	0 
7 	0x0000	0 	0 	0 
8 	0x0000	0 	0 	0 
9 	0x53a0	13 	13 	13 
10 	0x0000	0 	0 	0 
11 	0x0000	0 	0 	0 
12 	0x0000	0 	0 	0 
13 	0x5918	143 	143 	143 
14 	0x0000	0 	0 	0 
15 	0x643a	1 	1 	1 
16 	0x6f5c	1 	1 	1 
17 	0x49dc	1 	1 	1 
18 	0x0000	0 	0 	0 
19 	0x501c	9 	9 	9 
20 	0x0000	0 	0 	0 
21 	0x0000	0 	0 	0 
22 	0x0000	0 	0 	0 
23 	0x0000	0 	0 	0 
24 	0x4ad6	6 	6 	6 
25 	0x0000	0 	0 	0 
26 	0x56c0	9 	9 	9 
27 	0x0000	0 	0 	0 
T 	2022-02-06 04:48:27	  42 	c1937 	 2763 
S

List 	First 	Count  	ArrayCount 	TraverseCount 
0 	0x5116	75 	75 	75 
1 	0x0000	0 	0 	0 
2 	0x45c2	1 	1 	1 
3 	0x45f4	1 	1 	1 
4 	0x0000	0 	0 	0 
5 	0x0000	0 	0 	0 
6 	0x0000	0 	0 	0 
7 	0x0000	0 	0 	0 
8 	0x0000	0 	0 	0 
9 	0x5594	14 	14 	14 
10 	0x0000	0 	0 	0 
11 	0x0000	0 	0 	0 
12 	0x0000	0 	0 	0 
13 	0x6c6e	142 	142 	142 
14 	0x0000	0 	0 	0 
15 	0x643a	1 	1 	1 
16 	0x6f5c	1 	1 	1 
17 	0x49dc	1 	1 	1 
18 	0x0000	0 	0 	0 
19 	0x501c	9 	9 	9 
20 	0x0000	0 	0 	0 
21 	0x0000	0 	0 	0 
22 	0x0000	0 	0 	0 
23 	0x0000	0 	0 	0 
24 	0x649e	6 	6 	6 
25 	0x0000	0 	0 	0 
26 	0x56c0	9 	9 	9 
27 	0x0000	0 	0 	0 
T 	2022-02-06 05:01:47	 538 	c1937 	 2763 
S

List 	First 	Count  	ArrayCount 	TraverseCount 
0 	0x57ec	75 	75 	75 
1 	0x0000	0 	0 	0 
2 	0x45c2	1 	1 	1 
3 	0x45f4	1 	1 	1 
4 	0x0000	0 	0 	0 
5 	0x0000	0 	0 	0 
6 	0x0000	0 	0 	0 
7 	0x0000	0 	0 	0 
8 	0x0000	0 	0 	0 
9 	0x7696	13 	13 	13 
10 	0x0000	0 	0 	0 
11 	0x0000	0 	0 	0 
12 	0x0000	0 	0 	0 
13 	0x7344	143 	143 	143 
14 	0x0000	0 	0 	0 
15 	0x643a	1 	1 	1 
16 	0x6f5c	1 	1 	1 
17 	0x49dc	1 	1 	1 
18 	0x0000	0 	0 	0 
19 	0x501c	9 	9 	9 
20 	0x0000	0 	0 	0 
21 	0x0000	0 	0 	0 
22 	0x0000	0 	0 	0 
23 	0x0000	0 	0 	0 
24 	0x55c6	6 	6 	6 
25 	0x0000	0 	0 	0 
26 	0x56c0	9 	9 	9 
27 	0x0000	0 	0 	0 
T 	2022-02-06 05:15:06	 666 	c1937 	 2763 
S

List 	First 	Count  	ArrayCount 	TraverseCount 
0 	0x614c	75 	75 	75 
1 	0x0000	0 	0 	0 
2 	0x45c2	1 	1 	1 
3 	0x45f4	1 	1 	1 
4 	0x0000	0 	0 	0 
5 	0x0000	0 	0 	0 
6 	0x0000	0 	0 	0 
7 	0x0000	0 	0 	0 
8 	0x0000	0 	0 	0 
9 	0x5210	12 	12 	12 
10 	0x0000	0 	0 	0 
11 	0x0000	0 	0 	0 
12 	0x0000	0 	0 	0 
13 	0x5724	144 	144 	144 
14 	0x0000	0 	0 	0 
15 	0x643a	1 	1 	1 
16 	0x6f5c	1 	1 	1 
17 	0x49dc	1 	1 	1 
18 	0x0000	0 	0 	0 
19 	0x501c	9 	9 	9 
20 	0x0000	0 	0 	0 
21 	0x0000	0 	0 	0 
22 	0x0000	0 	0 	0 
23 	0x0000	0 	0 	0 
24 	0x533c	6 	6 	6 
25 	0x0000	0 	0 	0 
26 	0x56c0	9 	9 	9 
27 	0x0000	0 	0 	0 
T 	2022-02-06 05:26:56	 666 	c1937 	 2763 
S

List 	First 	Count  	ArrayCount 	TraverseCount 
0 	0x4752	75 	75 	75 
1 	0x0000	0 	0 	0 
2 	0x45c2	1 	1 	1 
3 	0x45f4	1 	1 	1 
4 	0x0000	0 	0 	0 
5 	0x0000	0 	0 	0 
6 	0x0000	0 	0 	0 
7 	0x0000	0 	0 	0 
8 	0x0000	0 	0 	0 
9 	0x66f6	15 	15 	15 
10 	0x0000	0 	0 	0 
11 	0x0000	0 	0 	0 
12 	0x0000	0 	0 	0 
13 	0x727c	141 	141 	141 
14 	0x0000	0 	0 	0 
15 	0x643a	1 	1 	1 
16 	0x6f5c	1 	1 	1 
17 	0x49dc	1 	1 	1 
18 	0x0000	0 	0 	0 
19 	0x501c	9 	9 	9 
20 	0x0000	0 	0 	0 
21 	0x0000	0 	0 	0 
22 	0x0000	0 	0 	0 
23 	0x0000	0 	0 	0 
24 	0x7632	6 	6 	6 
25 	0x0000	0 	0 	0 
26 	0x56c0	9 	9 	9 
27 	0x0000	0 	0 	0 
T 	2022-02-06 05:42:07	 189 	c1937 	 2763 
S

List 	First 	Count  	ArrayCount 	TraverseCount 
0 	0x4720	75 	75 	75 
1 	0x0000	0 	0 	0 
2 	0x45c2	1 	1 	1 
3 	0x45f4	1 	1 	1 
4 	0x0000	0 	0 	0 
5 	0x0000	0 	0 	0 
6 	0x0000	0 	0 	0 
7 	0x0000	0 	0 	0 
8 	0x0000	0 	0 	0 
9 	0x5c38	13 	13 	13 
10 	0x0000	0 	0 	0 
11 	0x0000	0 	0 	0 
12 	0x0000	0 	0 	0 
13 	0x7538	143 	143 	143 
14 	0x0000	0 	0 	0 
15 	0x643a	1 	1 	1 
16 	0x6f5c	1 	1 	1 
17 	0x49dc	1 	1 	1 
18 	0x0000	0 	0 	0 
19 	0x501c	9 	9 	9 
20 	0x0000	0 	0 	0 
21 	0x0000	0 	0 	0 
22 	0x0000	0 	0 	0 
23 	0x0000	0 	0 	0 
24 	0x4ad6	6 	6 	6 
25 	0x0000	0 	0 	0 
26 	0x56c0	9 	9 	9 
27 	0x0000	0 	0 	0 
T 	2022-02-06 05:55:13	 890 	c1937 	 2763 
S

List 	First 	Count  	ArrayCount 	TraverseCount 
0 	0x7632	75 	75 	75 
1 	0x0000	0 	0 	0 
2 	0x45c2	1 	1 	1 
3 	0x45f4	1 	1 	1 
4 	0x0000	0 	0 	0 
5 	0x0000	0 	0 	0 
6 	0x0000	0 	0 	0 
7 	0x0000	0 	0 	0 
8 	0x0000	0 	0 	0 
9 	0x5210	13 	13 	13 
10 	0x0000	0 	0 	0 
11 	0x0000	0 	0 	0 
12 	0x0000	0 	0 	0 
13 	0x649e	143 	143 	143 
14 	0x0000	0 	0 	0 
15 	0x643a	1 	1 	1 
16 	0x6f5c	1 	1 	1 
17 	0x49dc	1 	1 	1 
18 	0x0000	0 	0 	0 
19 	0x501c	9 	9 	9 
20 	0x0000	0 	0 	0 
21 	0x0000	0 	0 	0 
22 	0x0000	0 	0 	0 
23 	0x0000	0 	0 	0 
24 	0x4720	6 	6 	6 
25 	0x0000	0 	0 	0 
26 	0x56c0	9 	9 	9 
27 	0x0000	0 	0 	0 
T 	2022-02-06 06:08:07	  39 	c1937 	 2763 
S

List 	First 	Count  	ArrayCount 	TraverseCount 
0 	0x4bd0	75 	75 	75 
1 	0x0000	0 	0 	0 
2 	0x45c2	1 	1 	1 
3 	0x45f4	1 	1 	1 
4 	0x0000	0 	0 	0 
5 	0x0000	0 	0 	0 
6 	0x0000	0 	0 	0 
7 	0x0000	0 	0 	0 
8 	0x0000	0 	0 	0 
9 	0x66f6	13 	13 	13 
10 	0x0000	0 	0 	0 
11 	0x0000	0 	0 	0 
12 	0x0000	0 	0 	0 
13 	0x5530	143 	143 	143 
14 	0x0000	0 	0 	0 
15 	0x643a	1 	1 	1 
16 	0x6f5c	1 	1 	1 
17 	0x49dc	1 	1 	1 
18 	0x0000	0 	0 	0 
19 	0x501c	9 	9 	9 
20 	0x0000	0 	0 	0 
21 	0x0000	0 	0 	0 
22 	0x0000	0 	0 	0 
23 	0x0000	0 	0 	0 
24 	0x7632	6 	6 	6 
25 	0x0000	0 	0 	0 
26 	0x56c0	9 	9 	9 
27 	0x0000	0 	0 	0 
T 	2022-02-06 06:20:49	  39 	c1937 	 2763 
S

List 	First 	Count  	ArrayCount 	TraverseCount 
0 	0x4720	75 	75 	75 
1 	0x0000	0 	0 	0 
2 	0x45c2	1 	1 	1 
3 	0x45f4	1 	1 	1 
4 	0x0000	0 	0 	0 
5 	0x0000	0 	0 	0 
6 	0x0000	0 	0 	0 
7 	0x0000	0 	0 	0 
8 	0x0000	0 	0 	0 
9 	0x58b4	12 	12 	12 
10 	0x0000	0 	0 	0 
11 	0x0000	0 	0 	0 
12 	0x0000	0 	0 	0 
13 	0x5c6a	144 	144 	144 
14 	0x0000	0 	0 	0 
15 	0x643a	1 	1 	1 
16 	0x6f5c	1 	1 	1 
17 	0x49dc	1 	1 	1 
18 	0x0000	0 	0 	0 
19 	0x501c	9 	9 	9 
20 	0x0000	0 	0 	0 
21 	0x0000	0 	0 	0 
22 	0x0000	0 	0 	0 
23 	0x0000	0 	0 	0 
24 	0x4bd0	6 	6 	6 
25 	0x0000	0 	0 	0 
26 	0x56c0	9 	9 	9 
27 	0x0000	0 	0 	0 
T 	2022-02-06 06:32:53	 890 	c1937 	 2763 
S

List 	First 	Count  	ArrayCount 	TraverseCount 
0 	0x4784	75 	75 	75 
1 	0x0000	0 	0 	0 
2 	0x45c2	1 	1 	1 
3 	0x45f4	1 	1 	1 
4 	0x0000	0 	0 	0 
5 	0x0000	0 	0 	0 
6 	0x0000	0 	0 	0 
7 	0x0000	0 	0 	0 
8 	0x0000	0 	0 	0 
9 	0x51de	11 	11 	11 
10 	0x0000	0 	0 	0 
11 	0x0000	0 	0 	0 
12 	0x0000	0 	0 	0 
13 	0x6084	145 	145 	145 
14 	0x0000	0 	0 	0 
15 	0x643a	1 	1 	1 
16 	0x6f5c	1 	1 	1 
17 	0x49dc	1 	1 	1 
18 	0x0000	0 	0 	0 
19 	0x501c	9 	9 	9 
20 	0x0000	0 	0 	0 
21 	0x0000	0 	0 	0 
22 	0x0000	0 	0 	0 
23 	0x0000	0 	0 	0 
24 	0x481a	6 	6 	6 
25 	0x0000	0 	0 	0 
26 	0x56c0	9 	9 	9 
27 	0x0000	0 	0 	0 
T 	2022-02-06 06:43:56	  18 	c1937 	 2763 
S

List 	First 	Count  	ArrayCount 	TraverseCount 
0 	0x4ef0	75 	75 	75 
1 	0x0000	0 	0 	0 
2 	0x45c2	1 	1 	1 
3 	0x45f4	1 	1 	1 
4 	0x0000	0 	0 	0 
5 	0x0000	0 	0 	0 
6 	0x0000	0 	0 	0 
7 	0x0000	0 	0 	0 
8 	0x0000	0 	0 	0 
9 	0x4a72	12 	12 	12 
10 	0x0000	0 	0 	0 
11 	0x0000	0 	0 	0 
12 	0x0000	0 	0 	0 
13 	0x4ad6	144 	144 	144 
14 	0x0000	0 	0 	0 
15 	0x643a	1 	1 	1 
16 	0x6f5c	1 	1 	1 
17 	0x49dc	1 	1 	1 
18 	0x0000	0 	0 	0 
19 	0x501c	9 	9 	9 
20 	0x0000	0 	0 	0 
21 	0x0000	0 	0 	0 
22 	0x0000	0 	0 	0 
23 	0x0000	0 	0 	0 
24 	0x5d32	6 	6 	6 
25 	0x0000	0 	0 	0 
26 	0x56c0	9 	9 	9 
27 	0x0000	0 	0 	0 
T 	2022-02-06 06:56:03	  90 	c1937 	 2763 
S

List 	First 	Count  	ArrayCount 	TraverseCount 
0 	0x7632	75 	75 	75 
1 	0x0000	0 	0 	0 
2 	0x45c2	1 	1 	1 
3 	0x45f4	1 	1 	1 
4 	0x0000	0 	0 	0 
5 	0x0000	0 	0 	0 
6 	0x0000	0 	0 	0 
7 	0x0000	0 	0 	0 
8 	0x0000	0 	0 	0 
9 	0x5274	10 	10 	10 
10 	0x0000	0 	0 	0 
11 	0x0000	0 	0 	0 
12 	0x0000	0 	0 	0 
13 	0x7470	146 	146 	146 
14 	0x0000	0 	0 	0 
15 	0x643a	1 	1 	1 
16 	0x6f5c	1 	1 	1 
17 	0x49dc	1 	1 	1 
18 	0x0000	0 	0 	0 
19 	0x501c	9 	9 	9 
20 	0x0000	0 	0 	0 
21 	0x0000	0 	0 	0 
22 	0x0000	0 	0 	0 
23 	0x0000	0 	0 	0 
24 	0x6052	6 	6 	6 
25 	0x0000	0 	0 	0 
26 	0x56c0	9 	9 	9 
27 	0x0000	0 	0 	0 
T 	2022-02-06 07:06:34	 667 	c1937 	 2763 
S

List 	First 	Count  	ArrayCount 	TraverseCount 
0 	0x694e	75 	75 	75 
1 	0x0000	0 	0 	0 
2 	0x45c2	1 	1 	1 
3 	0x45f4	1 	1 	1 
4 	0x0000	0 	0 	0 
5 	0x0000	0 	0 	0 
6 	0x0000	0 	0 	0 
7 	0x0000	0 	0 	0 
8 	0x0000	0 	0 	0 
9 	0x5f8a	11 	11 	11 
10 	0x0000	0 	0 	0 
11 	0x0000	0 	0 	0 
12 	0x0000	0 	0 	0 
13 	0x51de	145 	145 	145 
14 	0x0000	0 	0 	0 
15 	0x643a	1 	1 	1 
16 	0x6f5c	1 	1 	1 
17 	0x49dc	1 	1 	1 
18 	0x0000	0 	0 	0 
19 	0x501c	9 	9 	9 
20 	0x0000	0 	0 	0 
21 	0x0000	0 	0 	0 
22 	0x0000	0 	0 	0 
23 	0x0000	0 	0 	0 
24 	0x7632	6 	6 	6 
25 	0x0000	0 	0 	0 
26 	0x56c0	9 	9 	9 
27 	0x0000	0 	0 	0 
T 	2022-02-06 07:17:01	 587 	c1937 	 2763 
S

List 	First 	Count  	ArrayCount 	TraverseCount 
0 	0x4c66	75 	75 	75 
1 	0x0000	0 	0 	0 
2 	0x45c2	1 	1 	1 
3 	0x45f4	1 	1 	1 
4 	0x0000	0 	0 	0 
5 	0x0000	0 	0 	0 
6 	0x0000	0 	0 	0 
7 	0x0000	0 	0 	0 
8 	0x0000	0 	0 	0 
9 	0x5918	10 	10 	10 
10 	0x0000	0 	0 	0 
11 	0x0000	0 	0 	0 
12 	0x0000	0 	0 	0 
13 	0x4a72	146 	146 	146 
14 	0x0000	0 	0 	0 
15 	0x643a	1 	1 	1 
16 	0x6f5c	1 	1 	1 
17 	0x49dc	1 	1 	1 
18 	0x0000	0 	0 	0 
19 	0x501c	9 	9 	9 
20 	0x0000	0 	0 	0 
21 	0x0000	0 	0 	0 
22 	0x0000	0 	0 	0 
23 	0x0000	0 	0 	0 
24 	0x4590	6 	6 	6 
25 	0x0000	0 	0 	0 
26 	0x56c0	9 	9 	9 
27 	0x0000	0 	0 	0 
T 	2022-02-06 07:27:37	 943 	c1937 	 2763 
S

List 	First 	Count  	ArrayCount 	TraverseCount 
0 	0x5a12	75 	75 	75 
1 	0x0000	0 	0 	0 
2 	0x45c2	1 	1 	1 
3 	0x45f4	1 	1 	1 
4 	0x0000	0 	0 	0 
5 	0x0000	0 	0 	0 
6 	0x0000	0 	0 	0 
7 	0x0000	0 	0 	0 
8 	0x0000	0 	0 	0 
9 	0x7538	12 	12 	12 
10 	0x0000	0 	0 	0 
11 	0x0000	0 	0 	0 
12 	0x0000	0 	0 	0 
13 	0x5274	144 	144 	144 
14 	0x0000	0 	0 	0 
15 	0x643a	1 	1 	1 
16 	0x6f5c	1 	1 	1 
17 	0x49dc	1 	1 	1 
18 	0x0000	0 	0 	0 
19 	0x501c	9 	9 	9 
20 	0x0000	0 	0 	0 
21 	0x0000	0 	0 	0 
22 	0x0000	0 	0 	0 
23 	0x0000	0 	0 	0 
24 	0x5aa8	6 	6 	6 
25 	0x0000	0 	0 	0 
26 	0x56c0	9 	9 	9 
27 	0x0000	0 	0 	0 
T 	2022-02-06 07:38:58	 765 	c1937 	 2763 
S

List 	First 	Count  	ArrayCount 	TraverseCount 
0 	0x481a	75 	75 	75 
1 	0x0000	0 	0 	0 
2 	0x45c2	1 	1 	1 
3 	0x45f4	1 	1 	1 
4 	0x0000	0 	0 	0 
5 	0x0000	0 	0 	0 
6 	0x0000	0 	0 	0 
7 	0x0000	0 	0 	0 
8 	0x0000	0 	0 	0 
9 	0x7696	10 	10 	10 
10 	0x0000	0 	0 	0 
11 	0x0000	0 	0 	0 
12 	0x0000	0 	0 	0 
13 	0x56f2	146 	146 	146 
14 	0x0000	0 	0 	0 
15 	0x643a	1 	1 	1 
16 	0x6f5c	1 	1 	1 
17 	0x49dc	1 	1 	1 
18 	0x0000	0 	0 	0 
19 	0x501c	9 	9 	9 
20 	0x0000	0 	0 	0 
21 	0x0000	0 	0 	0 
22 	0x0000	0 	0 	0 
23 	0x0000	0 	0 	0 
24 	0x6e62	6 	6 	6 
25 	0x0000	0 	0 	0 
26 	0x56c0	9 	9 	9 
27 	0x0000	0 	0 	0 
T 	2022-02-06 07:49:17	  42 	c1937 	 2763 
S

List 	First 	Count  	ArrayCount 	TraverseCount 
0 	0x6246	75 	75 	75 
1 	0x0000	0 	0 	0 
2 	0x45c2	1 	1 	1 
3 	0x45f4	1 	1 	1 
4 	0x0000	0 	0 	0 
5 	0x0000	0 	0 	0 
6 	0x0000	0 	0 	0 
7 	0x0000	0 	0 	0 
8 	0x0000	0 	0 	0 
9 	0x646c	12 	12 	12 
10 	0x0000	0 	0 	0 
11 	0x0000	0 	0 	0 
12 	0x0000	0 	0 	0 
13 	0x57ba	144 	144 	144 
14 	0x0000	0 	0 	0 
15 	0x643a	1 	1 	1 
16 	0x6f5c	1 	1 	1 
17 	0x49dc	1 	1 	1 
18 	0x0000	0 	0 	0 
19 	0x501c	9 	9 	9 
20 	0x0000	0 	0 	0 
21 	0x0000	0 	0 	0 
22 	0x0000	0 	0 	0 
23 	0x0000	0 	0 	0 
24 	0x5918	6 	6 	6 
25 	0x0000	0 	0 	0 
26 	0x56c0	9 	9 	9 
27 	0x0000	0 	0 	0 
T 	2022-02-06 08:00:47	 545 	c1937 	 2763 
S

List 	First 	Count  	ArrayCount 	TraverseCount 
0 	0x4590	75 	75 	75 
1 	0x0000	0 	0 	0 
2 	0x45c2	1 	1 	1 
3 	0x45f4	1 	1 	1 
4 	0x0000	0 	0 	0 
5 	0x0000	0 	0 	0 
6 	0x0000	0 	0 	0 
7 	0x0000	0 	0 	0 
8 	0x0000	0 	0 	0 
9 	0x6822	15 	15 	15 
10 	0x0000	0 	0 	0 
11 	0x0000	0 	0 	0 
12 	0x0000	0 	0 	0 
13 	0x7538	141 	141 	141 
14 	0x0000	0 	0 	0 
15 	0x643a	1 	1 	1 
16 	0x6f5c	1 	1 	1 
17 	0x49dc	1 	1 	1 
18 	0x0000	0 	0 	0 
19 	0x501c	9 	9 	9 
20 	0x0000	0 	0 	0 
21 	0x0000	0 	0 	0 
22 	0x0000	0 	0 	0 
23 	0x0000	0 	0 	0 
24 	0x6246	6 	6 	6 
25 	0x0000	0 	0 	0 
26 	0x56c0	9 	9 	9 
27 	0x0000	0 	0 	0 
T 	2022-02-06 08:16:15	  46 	c1937 	 2763 
S

List 	First 	Count  	ArrayCount 	TraverseCount 
0 	0x5918	75 	75 	75 
1 	0x0000	0 	0 	0 
2 	0x45c2	1 	1 	1 
3 	0x45f4	1 	1 	1 
4 	0x0000	0 	0 	0 
5 	0x0000	0 	0 	0 
6 	0x0000	0 	0 	0 
7 	0x0000	0 	0 	0 
8 	0x0000	0 	0 	0 
9 	0x4ef0	21 	21 	21 
10 	0x0000	0 	0 	0 
11 	0x0000	0 	0 	0 
12 	0x0000	0 	0 	0 
13 	0x5b3e	135 	135 	135 
14 	0x0000	0 	0 	0 
15 	0x643a	1 	1 	1 
16 	0x6f5c	1 	1 	1 
17 	0x49dc	1 	1 	1 
18 	0x0000	0 	0 	0 
19 	0x501c	9 	9 	9 
20 	0x0000	0 	0 	0 
21 	0x0000	0 	0 	0 
22 	0x0000	0 	0 	0 
23 	0x0000	0 	0 	0 
24 	0x4590	6 	6 	6 
25 	0x0000	0 	0 	0 
26 	0x56c0	9 	9 	9 
27 	0x0000	0 	0 	0 
T 	2022-02-06 08:37:35	  90 	c1937 	 2763 
S

List 	First 	Count  	ArrayCount 	TraverseCount 
0 	0x5ada	75 	75 	75 
1 	0x0000	0 	0 	0 
2 	0x45c2	1 	1 	1 
3 	0x45f4	1 	1 	1 
4 	0x0000	0 	0 	0 
5 	0x0000	0 	0 	0 
6 	0x0000	0 	0 	0 
7 	0x0000	0 	0 	0 
8 	0x0000	0 	0 	0 
9 	0x5aa8	22 	22 	22 
10 	0x0000	0 	0 	0 
11 	0x0000	0 	0 	0 
12 	0x0000	0 	0 	0 
13 	0x4720	134 	134 	134 
14 	0x0000	0 	0 	0 
15 	0x643a	1 	1 	1 
16 	0x6f5c	1 	1 	1 
17 	0x49dc	1 	1 	1 
18 	0x0000	0 	0 	0 
19 	0x501c	9 	9 	9 
20 	0x0000	0 	0 	0 
21 	0x0000	0 	0 	0 
22 	0x0000	0 	0 	0 
23 	0x0000	0 	0 	0 
24 	0x5918	6 	6 	6 
25 	0x0000	0 	0 	0 
26 	0x56c0	9 	9 	9 
27 	0x0000	0 	0 	0 
T 	2022-02-06 08:59:00	 665 	c1937 	 2763 
S

List 	First 	Count  	ArrayCount 	TraverseCount 
0 	0x4fb8	75 	75 	75 
1 	0x0000	0 	0 	0 
2 	0x45c2	1 	1 	1 
3 	0x45f4	1 	1 	1 
4 	0x0000	0 	0 	0 
5 	0x0000	0 	0 	0 
6 	0x0000	0 	0 	0 
7 	0x0000	0 	0 	0 
8 	0x0000	0 	0 	0 
9 	0x6ff2	28 	28 	28 
10 	0x0000	0 	0 	0 
11 	0x0000	0 	0 	0 
12 	0x0000	0 	0 	0 
13 	0x6408	130 	130 	130 
14 	0x0000	0 	0 	0 
15 	0x643a	1 	1 	1 
16 	0x6f5c	1 	1 	1 
17 	0x49dc	1 	1 	1 
18 	0x0000	0 	0 	0 
19 	0x68b8	8 	8 	8 
20 	0x0000	0 	0 	0 
21 	0x0000	0 	0 	0 
22 	0x0000	0 	0 	0 
23 	0x0000	0 	0 	0 
24 	0x5ada	6 	6 	6 
25 	0x0000	0 	0 	0 
26 	0x6ade	8 	8 	8 
27 	0x0000	0 	0 	0 
T 	2022-02-06 09:27:01	 293 	c1937 	 2763 
S

List 	First 	Count  	ArrayCount 	TraverseCount 
0 	0x743e	75 	75 	75 
1 	0x0000	0 	0 	0 
2 	0x45c2	1 	1 	1 
3 	0x45f4	1 	1 	1 
4 	0x0000	0 	0 	0 
5 	0x0000	0 	0 	0 
6 	0x0000	0 	0 	0 
7 	0x0000	0 	0 	0 
8 	0x0000	0 	0 	0 
9 	0x4590	40 	40 	40 
10 	0x0000	0 	0 	0 
11 	0x0000	0 	0 	0 
12 	0x0000	0 	0 	0 
13 	0x73da	120 	120 	120 
14 	0x0000	0 	0 	0 
15 	0x643a	1 	1 	1 
16 	0x6f5c	1 	1 	1 
17 	0x49dc	1 	1 	1 
18 	0x0000	0 	0 	0 
19 	0x68b8	7 	7 	7 
20 	0x0000	0 	0 	0 
21 	0x0000	0 	0 	0 
22 	0x0000	0 	0 	0 
23 	0x0000	0 	0 	0 
24 	0x4fb8	6 	6 	6 
25 	0x0000	0 	0 	0 
26 	0x6ade	7 	7 	7 
27 	0x0000	0 	0 	0 
T 	2022-02-06 10:07:23	 693 	c1937 	 2763 
S

List 	First 	Count  	ArrayCount 	TraverseCount 
0 	0x484c	75 	75 	75 
1 	0x0000	0 	0 	0 
2 	0x45c2	1 	1 	1 
3 	0x45f4	1 	1 	1 
4 	0x0000	0 	0 	0 
5 	0x0000	0 	0 	0 
6 	0x0000	0 	0 	0 
7 	0x0000	0 	0 	0 
8 	0x0000	0 	0 	0 
9 	0x4a40	23 	23 	23 
10 	0x0000	0 	0 	0 
11 	0x0000	0 	0 	0 
12 	0x0000	0 	0 	0 
13 	0x58e6	143 	143 	143 
14 	0x0000	0 	0 	0 
15 	0x643a	1 	1 	1 
16 	0x6f5c	1 	1 	1 
17 	0x49dc	1 	1 	1 
18 	0x0000	0 	0 	0 
19 	0x68b8	4 	4 	4 
20 	0x0000	0 	0 	0 
21 	0x0000	0 	0 	0 
22 	0x0000	0 	0 	0 
23 	0x0000	0 	0 	0 
24 	0x4c02	6 	6 	6 
25 	0x0000	0 	0 	0 
26 	0x6ade	4 	4 	4 
27 	0x0000	0 	0 	0 
T 	2022-02-06 10:30:01	 292 	c1937 	 2763 
S

List 	First 	Count  	ArrayCount 	TraverseCount 
0 	0x6b10	75 	75 	75 
1 	0x0000	0 	0 	0 
2 	0x45c2	1 	1 	1 
3 	0x45f4	1 	1 	1 
4 	0x0000	0 	0 	0 
5 	0x0000	0 	0 	0 
6 	0x0000	0 	0 	0 
7 	0x7182	6 	6 	6 
8 	0x0000	0 	0 	0 
9 	0x455e	21 	21 	21 
10 	0x0000	0 	0 	0 
11 	0x0000	0 	0 	0 
12 	0x7632	15 	15 	15 
13 	0x597c	123 	123 	123 
14 	0x57ba	3 	3 	3 
15 	0x643a	1 	1 	1 
16 	0x6f5c	1 	1 	1 
17 	0x49dc	1 	1 	1 
18 	0x0000	0 	0 	0 
19 	0x68b8	2 	2 	2 
20 	0x487e	1 	1 	1 
21 	0x0000	0 	0 	0 
22 	0x0000	0 	0 	0 
23 	0x0000	0 	0 	0 
24 	0x484c	6 	6 	6 
25 	0x0000	0 	0 	0 
26 	0x6ade	2 	2 	2 
27 	0x4dc4	1 	1 	1 
T 	2022-02-06 10:51:19	 886 	c1937 	 2766 
S

List 	First 	Count  	ArrayCount 	TraverseCount 
0 	0x678c	75 	75 	75 
1 	0x0000	0 	0 	0 
2 	0x45c2	1 	1 	1 
3 	0x45f4	1 	1 	1 
4 	0x0000	0 	0 	0 
5 	0x0000	0 	0 	0 
6 	0x0000	0 	0 	0 
7 	0x0000	0 	0 	0 
8 	0x0000	0 	0 	0 
9 	0x7538	29 	29 	29 
10 	0x0000	0 	0 	0 
11 	0x0000	0 	0 	0 
12 	0x0000	0 	0 	0 
13 	0x50b2	141 	141 	141 
14 	0x0000	0 	0 	0 
15 	0x643a	1 	1 	1 
16 	0x6f5c	1 	1 	1 
17 	0x49dc	1 	1 	1 
18 	0x0000	0 	0 	0 
19 	0x68b8	2 	2 	2 
20 	0x0000	0 	0 	0 
21 	0x0000	0 	0 	0 
22 	0x0000	0 	0 	0 
23 	0x0000	0 	0 	0 
24 	0x6b10	6 	6 	6 
25 	0x0000	0 	0 	0 
26 	0x6ade	2 	2 	2 
27 	0x0000	0 	0 	0 
T 	2022-02-06 11:20:00	 615 	c1937 	 2766 
S

List 	First 	Count  	ArrayCount 	TraverseCount 
0 	0x57ec	74 	74 	74 
1 	0x0000	0 	0 	0 
2 	0x45c2	1 	1 	1 
3 	0x45f4	1 	1 	1 
4 	0x0000	0 	0 	0 
5 	0x0000	0 	0 	0 
6 	0x0000	0 	0 	0 
7 	0x5c38	16 	16 	16 
8 	0x0000	0 	0 	0 
9 	0x4432	14 	14 	14 
10 	0x0000	0 	0 	0 
11 	0x0000	0 	0 	0 
12 	0x4752	14 	14 	14 
13 	0x7344	110 	110 	110 
14 	0x6052	3 	3 	3 
15 	0x643a	1 	1 	1 
16 	0x6f5c	1 	1 	1 
17 	0x49dc	1 	1 	1 
18 	0x0000	0 	0 	0 
19 	0x68b8	5 	5 	5 
20 	0x6020	4 	4 	4 
21 	0x0000	0 	0 	0 
22 	0x0000	0 	0 	0 
23 	0x0000	0 	0 	0 
24 	0x678c	6 	6 	6 
25 	0x0000	0 	0 	0 
26 	0x6ade	5 	5 	5 
27 	0x481a	4 	4 	4 
T 	2022-02-06 11:33:51	 190 	c1937 	 2770 
S

List 	First 	Count  	ArrayCount 	TraverseCount 
0 	0x5756	72 	72 	72 
1 	0x0000	0 	0 	0 
2 	0x45c2	1 	1 	1 
3 	0x45f4	1 	1 	1 
4 	0x0000	0 	0 	0 
5 	0x0000	0 	0 	0 
6 	0x0000	0 	0 	0 
7 	0x57ec	35 	35 	35 
8 	0x0000	0 	0 	0 
9 	0x6692	22 	22 	22 
10 	0x0000	0 	0 	0 
11 	0x0000	0 	0 	0 
12 	0x5d00	46 	46 	46 
13 	0x7312	32 	32 	32 
14 	0x4c34	12 	12 	12 
15 	0x643a	1 	1 	1 
16 	0x6f5c	1 	1 	1 
17 	0x49dc	1 	1 	1 
18 	0x0000	0 	0 	0 
19 	0x68b8	8 	8 	8 
20 	0x6246	7 	7 	7 
21 	0x0000	0 	0 	0 
22 	0x0000	0 	0 	0 
23 	0x0000	0 	0 	0 
24 	0x7024	6 	6 	6 
25 	0x0000	0 	0 	0 
26 	0x6ade	8 	8 	8 
27 	0x5a12	7 	7 	7 
T 	2022-02-06 11:56:29	 194 	c1937 	 2781 
S

List 	First 	Count  	ArrayCount 	TraverseCount 
0 	0x5e2c	74 	74 	74 
1 	0x0000	0 	0 	0 
2 	0x45c2	1 	1 	1 
3 	0x45f4	1 	1 	1 
4 	0x0000	0 	0 	0 
5 	0x0000	0 	0 	0 
6 	0x0000	0 	0 	0 
7 	0x6f8e	36 	36 	36 
8 	0x0000	0 	0 	0 
9 	0x4720	17 	17 	17 
10 	0x0000	0 	0 	0 
11 	0x0000	0 	0 	0 
12 	0x649e	37 	37 	37 
13 	0x6886	31 	31 	31 
14 	0x5724	16 	16 	16 
15 	0x643a	1 	1 	1 
16 	0x6f5c	1 	1 	1 
17 	0x49dc	1 	1 	1 
18 	0x0000	0 	0 	0 
19 	0x68b8	12 	12 	12 
20 	0x630e	7 	7 	7 
21 	0x0000	0 	0 	0 
22 	0x0000	0 	0 	0 
23 	0x0000	0 	0 	0 
24 	0x5756	6 	6 	6 
25 	0x0000	0 	0 	0 
26 	0x6ade	12 	12 	12 
27 	0x5fee	7 	7 	7 
T 	2022-02-06 12:13:21	 152 	c1937 	 2790 
S

List 	First 	Count  	ArrayCount 	TraverseCount 
0 	0x6c3c	71 	71 	71 
1 	0x0000	0 	0 	0 
2 	0x45c2	1 	1 	1 
3 	0x45f4	1 	1 	1 
4 	0x0000	0 	0 	0 
5 	0x0000	0 	0 	0 
6 	0x0000	0 	0 	0 
7 	0x5e2c	47 	47 	47 
8 	0x0000	0 	0 	0 
9 	0x5404	4 	4 	4 
10 	0x0000	0 	0 	0 
11 	0x0000	0 	0 	0 
12 	0x6a16	54 	54 	54 
13 	0x4ebe	4 	4 	4 
14 	0x66f6	17 	17 	17 
15 	0x643a	1 	1 	1 
16 	0x6f5c	1 	1 	1 
17 	0x49dc	1 	1 	1 
18 	0x0000	0 	0 	0 
19 	0x68b8	15 	15 	15 
20 	0x4ef0	11 	11 	11 
21 	0x0000	0 	0 	0 
22 	0x0000	0 	0 	0 
23 	0x0000	0 	0 	0 
24 	0x56f2	6 	6 	6 
25 	0x0000	0 	0 	0 
26 	0x6ade	15 	15 	15 
27 	0x7312	11 	11 	11 
T 	2022-02-06 12:17:34	 531 	c1937 	 2802 
S

List 	First 	Count  	ArrayCount 	TraverseCount 
0 	0x5ec2	73 	73 	73 
1 	0x0000	0 	0 	0 
2 	0x45c2	1 	1 	1 
3 	0x45f4	1 	1 	1 
4 	0x0000	0 	0 	0 
5 	0x0000	0 	0 	0 
6 	0x0000	0 	0 	0 
7 	0x6c3c	34 	34 	34 
8 	0x0000	0 	0 	0 
9 	0x7056	15 	15 	15 
10 	0x0000	0 	0 	0 
11 	0x0000	0 	0 	0 
12 	0x6aac	51 	51 	51 
13 	0x59ae	15 	15 	15 
14 	0x6b10	11 	11 	11 
15 	0x643a	1 	1 	1 
16 	0x6f5c	1 	1 	1 
17 	0x49dc	1 	1 	1 
18 	0x0000	0 	0 	0 
19 	0x68b8	18 	18 	18 
20 	0x65fc	7 	7 	7 
21 	0x0000	0 	0 	0 
22 	0x0000	0 	0 	0 
23 	0x0000	0 	0 	0 
24 	0x501c	6 	6 	6 
25 	0x0000	0 	0 	0 
26 	0x6ade	18 	18 	18 
27 	0x74a2	7 	7 	7 
T 	2022-02-06 12:32:19	 554 	c1937 	 2813 
S

List 	First 	Count  	ArrayCount 	TraverseCount 
0 	0x6278	75 	75 	75 
1 	0x0000	0 	0 	0 
2 	0x45c2	1 	1 	1 
3 	0x45f4	1 	1 	1 
4 	0x0000	0 	0 	0 
5 	0x0000	0 	0 	0 
6 	0x0000	0 	0 	0 
7 	0x5ec2	31 	31 	31 
8 	0x0000	0 	0 	0 
9 	0x63a4	12 	12 	12 
10 	0x0000	0 	0 	0 
11 	0x0000	0 	0 	0 
12 	0x565c	53 	53 	53 
13 	0x6534	11 	11 	11 
14 	0x4946	13 	13 	13 
15 	0x643a	1 	1 	1 
16 	0x6f5c	1 	1 	1 
17 	0x49dc	1 	1 	1 
18 	0x0000	0 	0 	0 
19 	0x68b8	21 	21 	21 
20 	0x5d64	6 	6 	6 
21 	0x0000	0 	0 	0 
22 	0x0000	0 	0 	0 
23 	0x0000	0 	0 	0 
24 	0x73a8	6 	6 	6 
25 	0x0000	0 	0 	0 
26 	0x6ade	21 	21 	21 
27 	0x4b6c	6 	6 	6 
T 	2022-02-06 12:43:54	 137 	c1937 	 2824 
S

List 	First 	Count  	ArrayCount 	TraverseCount 
0 	0x50b2	73 	73 	73 
1 	0x0000	0 	0 	0 
2 	0x45c2	1 	1 	1 
3 	0x45f4	1 	1 	1 
4 	0x0000	0 	0 	0 
5 	0x0000	0 	0 	0 
6 	0x0000	0 	0 	0 
7 	0x5724	48 	48 	48 
8 	0x0000	0 	0 	0 
9 	0x5e2c	31 	31 	31 
10 	0x0000	0 	0 	0 
11 	0x0000	0 	0 	0 
12 	0x74a2	8 	8 	8 
13 	0x4e5a	32 	32 	32 
14 	0x71e6	9 	9 	9 
15 	0x643a	1 	1 	1 
16 	0x6f5c	1 	1 	1 
17 	0x49dc	1 	1 	1 
18 	0x0000	0 	0 	0 
19 	0x68b8	22 	22 	22 
20 	0x4784	2 	2 	2 
21 	0x0000	0 	0 	0 
22 	0x0000	0 	0 	0 
23 	0x0000	0 	0 	0 
24 	0x743e	6 	6 	6 
25 	0x0000	0 	0 	0 
26 	0x6ade	22 	22 	22 
27 	0x7088	2 	2 	2 
T 	2022-02-06 13:15:42	 180 	c1937 	 2826 
S

List 	First 	Count  	ArrayCount 	TraverseCount 
0 	0x4ebe	73 	73 	73 
1 	0x0000	0 	0 	0 
2 	0x45c2	1 	1 	1 
3 	0x45f4	1 	1 	1 
4 	0x0000	0 	0 	0 
5 	0x0000	0 	0 	0 
6 	0x0000	0 	0 	0 
7 	0x6aac	2 	2 	2 
8 	0x0000	0 	0 	0 
9 	0x69b2	61 	61 	61 
10 	0x0000	0 	0 	0 
11 	0x0000	0 	0 	0 
12 	0x6340	5 	5 	5 
13 	0x6dfe	61 	61 	61 
14 	0x4590	1 	1 	1 
15 	0x643a	1 	1 	1 
16 	0x6f5c	1 	1 	1 
17 	0x49dc	1 	1 	1 
18 	0x0000	0 	0 	0 
19 	0x68b8	22 	22 	22 
20 	0x5ec2	1 	1 	1 
21 	0x0000	0 	0 	0 
22 	0x0000	0 	0 	0 
23 	0x0000	0 	0 	0 
24 	0x61e2	6 	6 	6 
25 	0x0000	0 	0 	0 
26 	0x6ade	22 	22 	22 
27 	0x54fe	1 	1 	1 
T 	2022-02-06 14:16:17	  46 	c1937 	 2827 
S

List 	First 	Count  	ArrayCount 	TraverseCount 
0 	0x4c66	75 	75 	75 
1 	0x0000	0 	0 	0 
2 	0x45c2	1 	1 	1 
3 	0x45f4	1 	1 	1 
4 	0x0000	0 	0 	0 
5 	0x0000	0 	0 	0 
6 	0x0000	0 	0 	0 
7 	0x0000	0 	0 	0 
8 	0x0000	0 	0 	0 
9 	0x4fb8	65 	65 	65 
10 	0x0000	0 	0 	0 
11 	0x0000	0 	0 	0 
12 	0x0000	0 	0 	0 
13 	0x4cca	65 	65 	65 
14 	0x0000	0 	0 	0 
15 	0x643a	1 	1 	1 
16 	0x6f5c	1 	1 	1 
17 	0x49dc	1 	1 	1 
18 	0x0000	0 	0 	0 
19 	0x68b8	22 	22 	22 
20 	0x0000	0 	0 	0 
21 	0x0000	0 	0 	0 
22 	0x0000	0 	0 	0 
23 	0x0000	0 	0 	0 
24 	0x4ebe	6 	6 	6 
25 	0x0000	0 	0 	0 
26 	0x6ade	22 	22 	22 
27 	0x0000	0 	0 	0 
T 	2022-02-06 15:21:01	 358 	c1937 	 2827 
S

List 	First 	Count  	ArrayCount 	TraverseCount 
0 	0x568e	69 	69 	69 
1 	0x0000	0 	0 	0 
2 	0x45c2	1 	1 	1 
3 	0x45f4	1 	1 	1 
4 	0x0000	0 	0 	0 
5 	0x0000	0 	0 	0 
6 	0x0000	0 	0 	0 
7 	0x6a16	4 	4 	4 
8 	0x0000	0 	0 	0 
9 	0x63a4	55 	55 	55 
10 	0x0000	0 	0 	0 
11 	0x0000	0 	0 	0 
12 	0x4cfc	13 	13 	13 
13 	0x4978	55 	55 	55 
14 	0x5dfa	5 	5 	5 
15 	0x643a	1 	1 	1 
16 	0x6f5c	1 	1 	1 
17 	0x49dc	1 	1 	1 
18 	0x0000	0 	0 	0 
19 	0x68b8	23 	23 	23 
20 	0x5a12	1 	1 	1 
21 	0x0000	0 	0 	0 
22 	0x0000	0 	0 	0 
23 	0x0000	0 	0 	0 
24 	0x4c66	6 	6 	6 
25 	0x0000	0 	0 	0 
26 	0x6ade	23 	23 	23 
27 	0x61e2	1 	1 	1 
T 	2022-02-06 16:16:32	  34 	c1937 	 2830 
S

List 	First 	Count  	ArrayCount 	TraverseCount 
0 	0x60e8	184 	184 	184 
1 	0x0000	0 	0 	0 
2 	0x45c2	1 	1 	1 
3 	0x45f4	1 	1 	1 
4 	0x0000	0 	0 	0 
5 	0x0000	0 	0 	0 
6 	0x0000	0 	0 	0 
7 	0x54cc	2 	2 	2 
8 	0x0000	0 	0 	0 
9 	0x6692	3 	3 	3 
10 	0x0000	0 	0 	0 
11 	0x0000	0 	0 	0 
12 	0x649e	10 	10 	10 
13 	0x4a72	3 	3 	3 
14 	0x565c	2 	2 	2 
15 	0x643a	1 	1 	1 
16 	0x6f5c	1 	1 	1 
17 	0x49dc	1 	1 	1 
18 	0x0000	0 	0 	0 
19 	0x68b8	23 	23 	23 
20 	0x0000	0 	0 	0 
21 	0x0000	0 	0 	0 
22 	0x0000	0 	0 	0 
23 	0x0000	0 	0 	0 
24 	0x568e	5 	5 	5 
25 	0x0000	0 	0 	0 
26 	0x6ade	23 	23 	23 
27 	0x0000	0 	0 	0 
T 	2022-02-06 16:19:17	 607 	c1937 	 2832 
S

List 	First 	Count  	ArrayCount 	TraverseCount 
0 	0x4752	172 	172 	172 
1 	0x0000	0 	0 	0 
2 	0x45c2	1 	1 	1 
3 	0x45f4	1 	1 	1 
4 	0x0000	0 	0 	0 
5 	0x0000	0 	0 	0 
6 	0x0000	0 	0 	0 
7 	0x5080	2 	2 	2 
8 	0x0000	0 	0 	0 
9 	0x6a7a	3 	3 	3 
10 	0x0000	0 	0 	0 
11 	0x0000	0 	0 	0 
12 	0x4e28	10 	10 	10 
13 	0x740c	15 	15 	15 
14 	0x759c	2 	2 	2 
15 	0x643a	1 	1 	1 
16 	0x6f5c	1 	1 	1 
17 	0x49dc	1 	1 	1 
18 	0x0000	0 	0 	0 
19 	0x68b8	23 	23 	23 
20 	0x0000	0 	0 	0 
21 	0x0000	0 	0 	0 
22 	0x0000	0 	0 	0 
23 	0x0000	0 	0 	0 
24 	0x60e8	5 	5 	5 
25 	0x0000	0 	0 	0 
26 	0x6ade	23 	23 	23 
27 	0x0000	0 	0 	0 
T 	2022-02-06 16:21:50	 584 	c1937 	 2834 
S
