F 	Date            	Hmsec 	ID   	Event 

List 	First 	Count  	ArrayCount 	TraverseCount 
0 	0x67f0	73 	73 	73 
1 	0x0000	0 	0 	0 
2 	0x45c2	1 	1 	1 
3 	0x45f4	1 	1 	1 
4 	0x0000	0 	0 	0 
5 	0x0000	0 	0 	0 
6 	0x0000	0 	0 	0 
7 	0x536e	8 	8 	8 
8 	0x0000	0 	0 	0 
9 	0x4ef0	15 	15 	15 
10 	0x0000	0 	0 	0 
11 	0x0000	0 	0 	0 
12 	0x7312	37 	37 	37 
13 	0x48b0	28 	28 	28 
14 	0x5e2c	9 	9 	9 
15 	0x72ae	28 	28 	28 
16 	0x6f5c	1 	1 	1 
17 	0x49dc	1 	1 	1 
18 	0x0000	0 	0 	0 
19 	0x68b8	21 	21 	21 
20 	0x6854	1 	1 	1 
21 	0x0000	0 	0 	0 
22 	0x0000	0 	0 	0 
23 	0x0000	0 	0 	0 
24 	0x4cfc	14 	14 	14 
25 	0x0000	0 	0 	0 
26 	0x6ade	21 	21 	21 
27 	0x67be	1 	1 	1 
T 	2022-02-07 10:35:24	   1 	c1937 	 2842 
S

List 	First 	Count  	ArrayCount 	TraverseCount 
0 	0x69b2	74 	74 	74 
1 	0x0000	0 	0 	0 
2 	0x45c2	1 	1 	1 
3 	0x45f4	1 	1 	1 
4 	0x0000	0 	0 	0 
5 	0x0000	0 	0 	0 
6 	0x0000	0 	0 	0 
7 	0x5ada	16 	16 	16 
8 	0x0000	0 	0 	0 
9 	0x5116	1 	1 	1 
10 	0x0000	0 	0 	0 
11 	0x0000	0 	0 	0 
12 	0x4914	75 	75 	75 
13 	0x0000	0 	0 	0 
14 	0x759c	14 	14 	14 
15 	0x72ae	28 	28 	28 
16 	0x6f5c	1 	1 	1 
17 	0x49dc	1 	1 	1 
18 	0x0000	0 	0 	0 
19 	0x68b8	21 	21 	21 
20 	0x0000	0 	0 	0 
21 	0x0000	0 	0 	0 
22 	0x0000	0 	0 	0 
23 	0x0000	0 	0 	0 
24 	0x694e	6 	6 	6 
25 	0x0000	0 	0 	0 
26 	0x6ade	21 	21 	21 
27 	0x0000	0 	0 	0 
T 	2022-02-07 10:35:38	 426 	c1937 	 2859 
S

List 	First 	Count  	ArrayCount 	TraverseCount 
0 	0x4d2e	71 	71 	71 
1 	0x0000	0 	0 	0 
2 	0x45c2	1 	1 	1 
3 	0x45f4	1 	1 	1 
4 	0x0000	0 	0 	0 
5 	0x0000	0 	0 	0 
6 	0x0000	0 	0 	0 
7 	0x4b08	15 	15 	15 
8 	0x0000	0 	0 	0 
9 	0x5fbc	11 	11 	11 
10 	0x0000	0 	0 	0 
11 	0x0000	0 	0 	0 
12 	0x5436	60 	60 	60 
13 	0x48b0	11 	11 	11 
14 	0x4784	12 	12 	12 
15 	0x72ae	28 	28 	28 
16 	0x6f5c	1 	1 	1 
17 	0x49dc	1 	1 	1 
18 	0x0000	0 	0 	0 
19 	0x68b8	21 	21 	21 
20 	0x0000	0 	0 	0 
21 	0x0000	0 	0 	0 
22 	0x0000	0 	0 	0 
23 	0x0000	0 	0 	0 
24 	0x4aa4	6 	6 	6 
25 	0x0000	0 	0 	0 
26 	0x6ade	21 	21 	21 
27 	0x0000	0 	0 	0 
T 	2022-02-07 10:46:59	  49 	c1937 	 2874 
S

List 	First 	Count  	ArrayCount 	TraverseCount 
0 	0x6d04	72 	72 	72 
1 	0x0000	0 	0 	0 
2 	0x45c2	1 	1 	1 
3 	0x45f4	1 	1 	1 
4 	0x0000	0 	0 	0 
5 	0x0000	0 	0 	0 
6 	0x0000	0 	0 	0 
7 	0x46ee	14 	14 	14 
8 	0x0000	0 	0 	0 
9 	0x4658	4 	4 	4 
10 	0x0000	0 	0 	0 
11 	0x0000	0 	0 	0 
12 	0x5148	74 	74 	74 
13 	0x501c	3 	3 	3 
14 	0x6886	13 	13 	13 
15 	0x72ae	28 	28 	28 
16 	0x6f5c	1 	1 	1 
17 	0x49dc	1 	1 	1 
18 	0x0000	0 	0 	0 
19 	0x68b8	21 	21 	21 
20 	0x0000	0 	0 	0 
21 	0x0000	0 	0 	0 
22 	0x0000	0 	0 	0 
23 	0x0000	0 	0 	0 
24 	0x4c34	6 	6 	6 
25 	0x0000	0 	0 	0 
26 	0x6ade	21 	21 	21 
27 	0x0000	0 	0 	0 
T 	2022-02-07 10:50:37	  47 	c1937 	 2889 
S

List 	First 	Count  	ArrayCount 	TraverseCount 
0 	0x54cc	72 	72 	72 
1 	0x0000	0 	0 	0 
2 	0x45c2	1 	1 	1 
3 	0x45f4	1 	1 	1 
4 	0x0000	0 	0 	0 
5 	0x0000	0 	0 	0 
6 	0x0000	0 	0 	0 
7 	0x630e	15 	15 	15 
8 	0x0000	0 	0 	0 
9 	0x4400	16 	16 	16 
10 	0x0000	0 	0 	0 
11 	0x0000	0 	0 	0 
12 	0x6b74	34 	34 	34 
13 	0x5530	23 	23 	23 
14 	0x5594	14 	14 	14 
15 	0x72ae	28 	28 	28 
16 	0x6f5c	1 	1 	1 
17 	0x49dc	1 	1 	1 
18 	0x0000	0 	0 	0 
19 	0x68b8	21 	21 	21 
20 	0x4b6c	3 	3 	3 
21 	0x0000	0 	0 	0 
22 	0x0000	0 	0 	0 
23 	0x0000	0 	0 	0 
24 	0x581e	6 	6 	6 
25 	0x0000	0 	0 	0 
26 	0x6ade	21 	21 	21 
27 	0x4d2e	3 	3 	3 
T 	2022-02-07 11:07:06	 224 	c1937 	 2898 
S

List 	First 	Count  	ArrayCount 	TraverseCount 
0 	0x5ada	72 	72 	72 
1 	0x0000	0 	0 	0 
2 	0x45c2	1 	1 	1 
3 	0x45f4	1 	1 	1 
4 	0x0000	0 	0 	0 
5 	0x0000	0 	0 	0 
6 	0x0000	0 	0 	0 
7 	0x6214	21 	21 	21 
8 	0x0000	0 	0 	0 
9 	0x6ff2	4 	4 	4 
10 	0x0000	0 	0 	0 
11 	0x0000	0 	0 	0 
12 	0x4a0e	32 	32 	32 
13 	0x4aa4	12 	12 	12 
14 	0x5ef4	25 	25 	25 
15 	0x72ae	28 	28 	28 
16 	0x6f5c	1 	1 	1 
17 	0x49dc	1 	1 	1 
18 	0x0000	0 	0 	0 
19 	0x68b8	21 	21 	21 
20 	0x5fbc	7 	7 	7 
21 	0x0000	0 	0 	0 
22 	0x0000	0 	0 	0 
23 	0x0000	0 	0 	0 
24 	0x4dc4	6 	6 	6 
25 	0x0000	0 	0 	0 
26 	0x6ade	21 	21 	21 
27 	0x70ec	7 	7 	7 
T 	2022-02-07 11:10:38	 379 	c1937 	 2908 
S

List 	First 	Count  	ArrayCount 	TraverseCount 
0 	0x7538	73 	73 	73 
1 	0x0000	0 	0 	0 
2 	0x45c2	1 	1 	1 
3 	0x45f4	1 	1 	1 
4 	0x0000	0 	0 	0 
5 	0x0000	0 	0 	0 
6 	0x0000	0 	0 	0 
7 	0x44c8	11 	11 	11 
8 	0x0000	0 	0 	0 
9 	0x52a6	11 	11 	11 
10 	0x0000	0 	0 	0 
11 	0x0000	0 	0 	0 
12 	0x57ba	24 	24 	24 
13 	0x487e	37 	37 	37 
14 	0x4946	14 	14 	14 
15 	0x72ae	28 	28 	28 
16 	0x6f5c	1 	1 	1 
17 	0x49dc	1 	1 	1 
18 	0x0000	0 	0 	0 
19 	0x68b8	22 	22 	22 
20 	0x54cc	4 	4 	4 
21 	0x0000	0 	0 	0 
22 	0x0000	0 	0 	0 
23 	0x0000	0 	0 	0 
24 	0x759c	6 	6 	6 
25 	0x0000	0 	0 	0 
26 	0x6ade	22 	22 	22 
27 	0x59e0	4 	4 	4 
T 	2022-02-07 11:22:08	 424 	c1937 	 2915 
S

List 	First 	Count  	ArrayCount 	TraverseCount 
0 	0x611a	75 	75 	75 
1 	0x0000	0 	0 	0 
2 	0x45c2	1 	1 	1 
3 	0x45f4	1 	1 	1 
4 	0x0000	0 	0 	0 
5 	0x0000	0 	0 	0 
6 	0x0000	0 	0 	0 
7 	0x69b2	38 	38 	38 
8 	0x0000	0 	0 	0 
9 	0x581e	15 	15 	15 
10 	0x0000	0 	0 	0 
11 	0x0000	0 	0 	0 
12 	0x4752	18 	18 	18 
13 	0x694e	20 	20 	20 
14 	0x662e	8 	8 	8 
15 	0x72ae	28 	28 	28 
16 	0x6f5c	1 	1 	1 
17 	0x49dc	1 	1 	1 
18 	0x0000	0 	0 	0 
19 	0x68b8	20 	20 	20 
20 	0x4cfc	4 	4 	4 
21 	0x0000	0 	0 	0 
22 	0x0000	0 	0 	0 
23 	0x0000	0 	0 	0 
24 	0x5e2c	6 	6 	6 
25 	0x0000	0 	0 	0 
26 	0x6ade	20 	20 	20 
27 	0x52d8	4 	4 	4 
T 	2022-02-07 11:36:53	 778 	c1937 	 2919 
S

List 	First 	Count  	ArrayCount 	TraverseCount 
0 	0x6692	75 	75 	75 
1 	0x0000	0 	0 	0 
2 	0x45c2	1 	1 	1 
3 	0x45f4	1 	1 	1 
4 	0x0000	0 	0 	0 
5 	0x0000	0 	0 	0 
6 	0x0000	0 	0 	0 
7 	0x7312	19 	19 	19 
8 	0x0000	0 	0 	0 
9 	0x4720	36 	36 	36 
10 	0x0000	0 	0 	0 
11 	0x0000	0 	0 	0 
12 	0x5756	15 	15 	15 
13 	0x740c	36 	36 	36 
14 	0x643a	7 	7 	7 
15 	0x72ae	28 	28 	28 
16 	0x6f5c	1 	1 	1 
17 	0x49dc	1 	1 	1 
18 	0x0000	0 	0 	0 
19 	0x68b8	15 	15 	15 
20 	0x678c	2 	2 	2 
21 	0x0000	0 	0 	0 
22 	0x0000	0 	0 	0 
23 	0x0000	0 	0 	0 
24 	0x53a0	6 	6 	6 
25 	0x0000	0 	0 	0 
26 	0x6ade	15 	15 	15 
27 	0x60e8	2 	2 	2 
T 	2022-02-07 12:12:38	 970 	c1937 	 2922 
S

List 	First 	Count  	ArrayCount 	TraverseCount 
0 	0x5a76	74 	74 	74 
1 	0x0000	0 	0 	0 
2 	0x45c2	1 	1 	1 
3 	0x45f4	1 	1 	1 
4 	0x0000	0 	0 	0 
5 	0x0000	0 	0 	0 
6 	0x0000	0 	0 	0 
7 	0x57ba	59 	59 	59 
8 	0x0000	0 	0 	0 
9 	0x501c	10 	10 	10 
10 	0x0000	0 	0 	0 
11 	0x0000	0 	0 	0 
12 	0x44fa	24 	24 	24 
13 	0x6b10	10 	10 	10 
14 	0x4f86	13 	13 	13 
15 	0x72ae	28 	28 	28 
16 	0x6f5c	1 	1 	1 
17 	0x49dc	1 	1 	1 
18 	0x0000	0 	0 	0 
19 	0x68b8	13 	13 	13 
20 	0x5f58	3 	3 	3 
21 	0x0000	0 	0 	0 
22 	0x0000	0 	0 	0 
23 	0x0000	0 	0 	0 
24 	0x6aac	6 	6 	6 
25 	0x0000	0 	0 	0 
26 	0x6ade	13 	13 	13 
27 	0x4c02	3 	3 	3 
T 	2022-02-07 12:22:58	1019 	c1937 	 2927 
S

List 	First 	Count  	ArrayCount 	TraverseCount 
0 	0x7312	75 	75 	75 
1 	0x0000	0 	0 	0 
2 	0x45c2	1 	1 	1 
3 	0x45f4	1 	1 	1 
4 	0x0000	0 	0 	0 
5 	0x0000	0 	0 	0 
6 	0x0000	0 	0 	0 
7 	0x562a	57 	57 	57 
8 	0x0000	0 	0 	0 
9 	0x44c8	34 	34 	34 
10 	0x0000	0 	0 	0 
11 	0x0000	0 	0 	0 
12 	0x0000	0 	0 	0 
13 	0x6692	34 	34 	34 
14 	0x5242	6 	6 	6 
15 	0x72ae	28 	28 	28 
16 	0x6f5c	1 	1 	1 
17 	0x49dc	1 	1 	1 
18 	0x0000	0 	0 	0 
19 	0x68b8	8 	8 	8 
20 	0x0000	0 	0 	0 
21 	0x0000	0 	0 	0 
22 	0x0000	0 	0 	0 
23 	0x0000	0 	0 	0 
24 	0x4c66	6 	6 	6 
25 	0x0000	0 	0 	0 
26 	0x6ade	8 	8 	8 
27 	0x0000	0 	0 	0 
T 	2022-02-07 12:57:20	 110 	c1937 	 2927 
S

List 	First 	Count  	ArrayCount 	TraverseCount 
0 	0x60b6	75 	75 	75 
1 	0x0000	0 	0 	0 
2 	0x45c2	1 	1 	1 
3 	0x45f4	1 	1 	1 
4 	0x0000	0 	0 	0 
5 	0x0000	0 	0 	0 
6 	0x0000	0 	0 	0 
7 	0x7312	51 	51 	51 
8 	0x0000	0 	0 	0 
9 	0x50b2	35 	35 	35 
10 	0x0000	0 	0 	0 
11 	0x0000	0 	0 	0 
12 	0x5882	3 	3 	3 
13 	0x4752	35 	35 	35 
14 	0x6a7a	3 	3 	3 
15 	0x72ae	28 	28 	28 
16 	0x6f5c	1 	1 	1 
17 	0x49dc	1 	1 	1 
18 	0x0000	0 	0 	0 
19 	0x68b8	9 	9 	9 
20 	0x5468	1 	1 	1 
21 	0x0000	0 	0 	0 
22 	0x0000	0 	0 	0 
23 	0x0000	0 	0 	0 
24 	0x4ef0	6 	6 	6 
25 	0x0000	0 	0 	0 
26 	0x6ade	9 	9 	9 
27 	0x5ec2	1 	1 	1 
T 	2022-02-07 13:32:00	 611 	c1937 	 2928 
S

List 	First 	Count  	ArrayCount 	TraverseCount 
0 	0x6b74	75 	75 	75 
1 	0x0000	0 	0 	0 
2 	0x45c2	1 	1 	1 
3 	0x45f4	1 	1 	1 
4 	0x0000	0 	0 	0 
5 	0x0000	0 	0 	0 
6 	0x0000	0 	0 	0 
7 	0x5fbc	35 	35 	35 
8 	0x0000	0 	0 	0 
9 	0x533c	48 	48 	48 
10 	0x0000	0 	0 	0 
11 	0x0000	0 	0 	0 
12 	0x0000	0 	0 	0 
13 	0x4d92	47 	47 	47 
14 	0x4720	1 	1 	1 
15 	0x72ae	28 	28 	28 
16 	0x6f5c	1 	1 	1 
17 	0x49dc	1 	1 	1 
18 	0x0000	0 	0 	0 
19 	0x68b8	8 	8 	8 
20 	0x0000	0 	0 	0 
21 	0x0000	0 	0 	0 
22 	0x0000	0 	0 	0 
23 	0x0000	0 	0 	0 
24 	0x60b6	6 	6 	6 
25 	0x0000	0 	0 	0 
26 	0x6ade	8 	8 	8 
27 	0x0000	0 	0 	0 
T 	2022-02-07 14:19:30	 561 	c1937 	 2928 
S

List 	First 	Count  	ArrayCount 	TraverseCount 
0 	0x4e8c	75 	75 	75 
1 	0x0000	0 	0 	0 
2 	0x45c2	1 	1 	1 
3 	0x45f4	1 	1 	1 
4 	0x0000	0 	0 	0 
5 	0x0000	0 	0 	0 
6 	0x0000	0 	0 	0 
7 	0x6d68	4 	4 	4 
8 	0x0000	0 	0 	0 
9 	0x4cfc	63 	63 	63 
10 	0x0000	0 	0 	0 
11 	0x0000	0 	0 	0 
12 	0x0000	0 	0 	0 
13 	0x4aa4	64 	64 	64 
14 	0x0000	0 	0 	0 
15 	0x72ae	28 	28 	28 
16 	0x6f5c	1 	1 	1 
17 	0x49dc	1 	1 	1 
18 	0x0000	0 	0 	0 
19 	0x68b8	8 	8 	8 
20 	0x0000	0 	0 	0 
21 	0x0000	0 	0 	0 
22 	0x0000	0 	0 	0 
23 	0x0000	0 	0 	0 
24 	0x6b74	6 	6 	6 
25 	0x0000	0 	0 	0 
26 	0x6ade	8 	8 	8 
27 	0x0000	0 	0 	0 
T 	2022-02-07 15:23:00	 708 	c1937 	 2928 
S

List 	First 	Count  	ArrayCount 	TraverseCount 
0 	0x5b0c	75 	75 	75 
1 	0x0000	0 	0 	0 
2 	0x45c2	1 	1 	1 
3 	0x45f4	1 	1 	1 
4 	0x0000	0 	0 	0 
5 	0x0000	0 	0 	0 
6 	0x0000	0 	0 	0 
7 	0x0000	0 	0 	0 
8 	0x0000	0 	0 	0 
9 	0x4f54	66 	66 	66 
10 	0x0000	0 	0 	0 
11 	0x0000	0 	0 	0 
12 	0x0000	0 	0 	0 
13 	0x6e30	65 	65 	65 
14 	0x0000	0 	0 	0 
15 	0x72ae	28 	28 	28 
16 	0x6f5c	1 	1 	1 
17 	0x49dc	1 	1 	1 
18 	0x0000	0 	0 	0 
19 	0x68b8	8 	8 	8 
20 	0x0000	0 	0 	0 
21 	0x0000	0 	0 	0 
22 	0x0000	0 	0 	0 
23 	0x0000	0 	0 	0 
24 	0x4e8c	6 	6 	6 
25 	0x0000	0 	0 	0 
26 	0x6ade	8 	8 	8 
27 	0x0000	0 	0 	0 
T 	2022-02-07 16:28:30	 561 	c1937 	 2928 
S

List 	First 	Count  	ArrayCount 	TraverseCount 
0 	0x5e2c	75 	75 	75 
1 	0x0000	0 	0 	0 
2 	0x45c2	1 	1 	1 
3 	0x45f4	1 	1 	1 
4 	0x0000	0 	0 	0 
5 	0x0000	0 	0 	0 
6 	0x0000	0 	0 	0 
7 	0x6052	1 	1 	1 
8 	0x0000	0 	0 	0 
9 	0x6340	62 	62 	62 
10 	0x0000	0 	0 	0 
11 	0x0000	0 	0 	0 
12 	0x597c	5 	5 	5 
13 	0x5756	62 	62 	62 
14 	0x711e	1 	1 	1 
15 	0x72ae	28 	28 	28 
16 	0x6f5c	1 	1 	1 
17 	0x49dc	1 	1 	1 
18 	0x0000	0 	0 	0 
19 	0x68b8	8 	8 	8 
20 	0x0000	0 	0 	0 
21 	0x0000	0 	0 	0 
22 	0x0000	0 	0 	0 
23 	0x0000	0 	0 	0 
24 	0x5b0c	6 	6 	6 
25 	0x0000	0 	0 	0 
26 	0x6ade	8 	8 	8 
27 	0x0000	0 	0 	0 
T 	2022-02-07 17:30:30	 566 	c1937 	 2929 
S

List 	First 	Count  	ArrayCount 	TraverseCount 
0 	0x4cfc	75 	75 	75 
1 	0x0000	0 	0 	0 
2 	0x45c2	1 	1 	1 
3 	0x45f4	1 	1 	1 
4 	0x0000	0 	0 	0 
5 	0x0000	0 	0 	0 
6 	0x0000	0 	0 	0 
7 	0x5ef4	1 	1 	1 
8 	0x0000	0 	0 	0 
9 	0x481a	64 	64 	64 
10 	0x0000	0 	0 	0 
11 	0x0000	0 	0 	0 
12 	0x5a76	1 	1 	1 
13 	0x65ca	64 	64 	64 
14 	0x53a0	1 	1 	1 
15 	0x72ae	28 	28 	28 
16 	0x6f5c	1 	1 	1 
17 	0x49dc	1 	1 	1 
18 	0x0000	0 	0 	0 
19 	0x68b8	8 	8 	8 
20 	0x0000	0 	0 	0 
21 	0x0000	0 	0 	0 
22 	0x0000	0 	0 	0 
23 	0x0000	0 	0 	0 
24 	0x5e2c	6 	6 	6 
25 	0x0000	0 	0 	0 
26 	0x6ade	8 	8 	8 
27 	0x0000	0 	0 	0 
T 	2022-02-07 18:34:30	 560 	c1937 	 2929 
S

List 	First 	Count  	ArrayCount 	TraverseCount 
0 	0x6a48	75 	75 	75 
1 	0x0000	0 	0 	0 
2 	0x45c2	1 	1 	1 
3 	0x45f4	1 	1 	1 
4 	0x0000	0 	0 	0 
5 	0x0000	0 	0 	0 
6 	0x0000	0 	0 	0 
7 	0x0000	0 	0 	0 
8 	0x0000	0 	0 	0 
9 	0x6598	63 	63 	63 
10 	0x0000	0 	0 	0 
11 	0x0000	0 	0 	0 
12 	0x5756	4 	4 	4 
13 	0x4658	64 	64 	64 
14 	0x0000	0 	0 	0 
15 	0x72ae	28 	28 	28 
16 	0x6f5c	1 	1 	1 
17 	0x49dc	1 	1 	1 
18 	0x0000	0 	0 	0 
19 	0x68b8	8 	8 	8 
20 	0x0000	0 	0 	0 
21 	0x0000	0 	0 	0 
22 	0x0000	0 	0 	0 
23 	0x0000	0 	0 	0 
24 	0x4cfc	6 	6 	6 
25 	0x0000	0 	0 	0 
26 	0x6ade	8 	8 	8 
27 	0x0000	0 	0 	0 
T 	2022-02-07 19:38:00	 563 	c1937 	 2930 
S

List 	First 	Count  	ArrayCount 	TraverseCount 
0 	0x5f58	75 	75 	75 
1 	0x0000	0 	0 	0 
2 	0x45c2	1 	1 	1 
3 	0x45f4	1 	1 	1 
4 	0x0000	0 	0 	0 
5 	0x0000	0 	0 	0 
6 	0x0000	0 	0 	0 
7 	0x0000	0 	0 	0 
8 	0x0000	0 	0 	0 
9 	0x57ec	66 	66 	66 
10 	0x0000	0 	0 	0 
11 	0x0000	0 	0 	0 
12 	0x0000	0 	0 	0 
13 	0x55c6	65 	65 	65 
14 	0x0000	0 	0 	0 
15 	0x72ae	28 	28 	28 
16 	0x6f5c	1 	1 	1 
17 	0x49dc	1 	1 	1 
18 	0x0000	0 	0 	0 
19 	0x68b8	8 	8 	8 
20 	0x0000	0 	0 	0 
21 	0x0000	0 	0 	0 
22 	0x0000	0 	0 	0 
23 	0x0000	0 	0 	0 
24 	0x6a48	6 	6 	6 
25 	0x0000	0 	0 	0 
26 	0x6ade	8 	8 	8 
27 	0x0000	0 	0 	0 
T 	2022-02-07 20:43:30	 563 	c1937 	 2930 
S

List 	First 	Count  	ArrayCount 	TraverseCount 
0 	0x57ba	75 	75 	75 
1 	0x0000	0 	0 	0 
2 	0x45c2	1 	1 	1 
3 	0x45f4	1 	1 	1 
4 	0x0000	0 	0 	0 
5 	0x0000	0 	0 	0 
6 	0x0000	0 	0 	0 
7 	0x0000	0 	0 	0 
8 	0x0000	0 	0 	0 
9 	0x6ff2	65 	65 	65 
10 	0x0000	0 	0 	0 
11 	0x0000	0 	0 	0 
12 	0x0000	0 	0 	0 
13 	0x67be	66 	66 	66 
14 	0x0000	0 	0 	0 
15 	0x72ae	28 	28 	28 
16 	0x6f5c	1 	1 	1 
17 	0x49dc	1 	1 	1 
18 	0x0000	0 	0 	0 
19 	0x68b8	8 	8 	8 
20 	0x0000	0 	0 	0 
21 	0x0000	0 	0 	0 
22 	0x0000	0 	0 	0 
23 	0x0000	0 	0 	0 
24 	0x5f58	6 	6 	6 
25 	0x0000	0 	0 	0 
26 	0x6ade	8 	8 	8 
27 	0x0000	0 	0 	0 
T 	2022-02-07 21:49:00	 556 	c1937 	 2930 
S

List 	First 	Count  	ArrayCount 	TraverseCount 
0 	0x614c	75 	75 	75 
1 	0x0000	0 	0 	0 
2 	0x45c2	1 	1 	1 
3 	0x45f4	1 	1 	1 
4 	0x0000	0 	0 	0 
5 	0x0000	0 	0 	0 
6 	0x0000	0 	0 	0 
7 	0x0000	0 	0 	0 
8 	0x0000	0 	0 	0 
9 	0x711e	66 	66 	66 
10 	0x0000	0 	0 	0 
11 	0x0000	0 	0 	0 
12 	0x0000	0 	0 	0 
13 	0x5918	65 	65 	65 
14 	0x0000	0 	0 	0 
15 	0x72ae	28 	28 	28 
16 	0x6f5c	1 	1 	1 
17 	0x49dc	1 	1 	1 
18 	0x0000	0 	0 	0 
19 	0x68b8	8 	8 	8 
20 	0x0000	0 	0 	0 
21 	0x0000	0 	0 	0 
22 	0x0000	0 	0 	0 
23 	0x0000	0 	0 	0 
24 	0x57ba	6 	6 	6 
25 	0x0000	0 	0 	0 
26 	0x6ade	8 	8 	8 
27 	0x0000	0 	0 	0 
T 	2022-02-07 22:54:30	 556 	c1937 	 2930 
S

List 	First 	Count  	ArrayCount 	TraverseCount 
0 	0x4dc4	75 	75 	75 
1 	0x0000	0 	0 	0 
2 	0x45c2	1 	1 	1 
3 	0x45f4	1 	1 	1 
4 	0x0000	0 	0 	0 
5 	0x0000	0 	0 	0 
6 	0x0000	0 	0 	0 
7 	0x0000	0 	0 	0 
8 	0x0000	0 	0 	0 
9 	0x4cfc	65 	65 	65 
10 	0x0000	0 	0 	0 
11 	0x0000	0 	0 	0 
12 	0x0000	0 	0 	0 
13 	0x6dfe	66 	66 	66 
14 	0x0000	0 	0 	0 
15 	0x72ae	28 	28 	28 
16 	0x6f5c	1 	1 	1 
17 	0x49dc	1 	1 	1 
18 	0x0000	0 	0 	0 
19 	0x68b8	8 	8 	8 
20 	0x0000	0 	0 	0 
21 	0x0000	0 	0 	0 
22 	0x0000	0 	0 	0 
23 	0x0000	0 	0 	0 
24 	0x614c	6 	6 	6 
25 	0x0000	0 	0 	0 
26 	0x6ade	8 	8 	8 
27 	0x0000	0 	0 	0 
T 	2022-02-08 00:00:00	 561 	c1937 	 2930 
S

List 	First 	Count  	ArrayCount 	TraverseCount 
0 	0x5210	75 	75 	75 
1 	0x0000	0 	0 	0 
2 	0x45c2	1 	1 	1 
3 	0x45f4	1 	1 	1 
4 	0x0000	0 	0 	0 
5 	0x0000	0 	0 	0 
6 	0x0000	0 	0 	0 
7 	0x0000	0 	0 	0 
8 	0x0000	0 	0 	0 
9 	0x5ada	66 	66 	66 
10 	0x0000	0 	0 	0 
11 	0x0000	0 	0 	0 
12 	0x0000	0 	0 	0 
13 	0x5ec2	65 	65 	65 
14 	0x0000	0 	0 	0 
15 	0x72ae	28 	28 	28 
16 	0x6f5c	1 	1 	1 
17 	0x49dc	1 	1 	1 
18 	0x0000	0 	0 	0 
19 	0x68b8	8 	8 	8 
20 	0x0000	0 	0 	0 
21 	0x0000	0 	0 	0 
22 	0x0000	0 	0 	0 
23 	0x0000	0 	0 	0 
24 	0x4dc4	6 	6 	6 
25 	0x0000	0 	0 	0 
26 	0x6ade	8 	8 	8 
27 	0x0000	0 	0 	0 
T 	2022-02-08 01:05:30	 560 	c1937 	 2930 
S

List 	First 	Count  	ArrayCount 	TraverseCount 
0 	0x5fee	75 	75 	75 
1 	0x0000	0 	0 	0 
2 	0x45c2	1 	1 	1 
3 	0x45f4	1 	1 	1 
4 	0x0000	0 	0 	0 
5 	0x0000	0 	0 	0 
6 	0x0000	0 	0 	0 
7 	0x5fbc	1 	1 	1 
8 	0x0000	0 	0 	0 
9 	0x5f58	62 	62 	62 
10 	0x0000	0 	0 	0 
11 	0x0000	0 	0 	0 
12 	0x6502	5 	5 	5 
13 	0x56c0	62 	62 	62 
14 	0x594a	1 	1 	1 
15 	0x72ae	28 	28 	28 
16 	0x6f5c	1 	1 	1 
17 	0x49dc	1 	1 	1 
18 	0x0000	0 	0 	0 
19 	0x68b8	8 	8 	8 
20 	0x0000	0 	0 	0 
21 	0x0000	0 	0 	0 
22 	0x0000	0 	0 	0 
23 	0x0000	0 	0 	0 
24 	0x5210	6 	6 	6 
25 	0x0000	0 	0 	0 
26 	0x6ade	8 	8 	8 
27 	0x0000	0 	0 	0 
T 	2022-02-08 02:07:30	 562 	c1937 	 2931 
S

List 	First 	Count  	ArrayCount 	TraverseCount 
0 	0x4cfc	75 	75 	75 
1 	0x0000	0 	0 	0 
2 	0x45c2	1 	1 	1 
3 	0x45f4	1 	1 	1 
4 	0x0000	0 	0 	0 
5 	0x0000	0 	0 	0 
6 	0x0000	0 	0 	0 
7 	0x65ca	5 	5 	5 
8 	0x0000	0 	0 	0 
9 	0x6ec6	50 	50 	50 
10 	0x0000	0 	0 	0 
11 	0x0000	0 	0 	0 
12 	0x69b2	21 	21 	21 
13 	0x7538	50 	50 	50 
14 	0x55c6	5 	5 	5 
15 	0x72ae	28 	28 	28 
16 	0x6f5c	1 	1 	1 
17 	0x49dc	1 	1 	1 
18 	0x0000	0 	0 	0 
19 	0x68b8	8 	8 	8 
20 	0x0000	0 	0 	0 
21 	0x0000	0 	0 	0 
22 	0x0000	0 	0 	0 
23 	0x0000	0 	0 	0 
24 	0x5fee	6 	6 	6 
25 	0x0000	0 	0 	0 
26 	0x6ade	8 	8 	8 
27 	0x0000	0 	0 	0 
T 	2022-02-08 02:57:30	 559 	c1937 	 2935 
S

List 	First 	Count  	ArrayCount 	TraverseCount 
0 	0x52d8	75 	75 	75 
1 	0x0000	0 	0 	0 
2 	0x45c2	1 	1 	1 
3 	0x45f4	1 	1 	1 
4 	0x0000	0 	0 	0 
5 	0x0000	0 	0 	0 
6 	0x0000	0 	0 	0 
7 	0x7632	1 	1 	1 
8 	0x0000	0 	0 	0 
9 	0x562a	62 	62 	62 
10 	0x0000	0 	0 	0 
11 	0x0000	0 	0 	0 
12 	0x6e30	5 	5 	5 
13 	0x501c	62 	62 	62 
14 	0x517a	1 	1 	1 
15 	0x72ae	28 	28 	28 
16 	0x6f5c	1 	1 	1 
17 	0x49dc	1 	1 	1 
18 	0x0000	0 	0 	0 
19 	0x68b8	8 	8 	8 
20 	0x0000	0 	0 	0 
21 	0x0000	0 	0 	0 
22 	0x0000	0 	0 	0 
23 	0x0000	0 	0 	0 
24 	0x4cfc	6 	6 	6 
25 	0x0000	0 	0 	0 
26 	0x6ade	8 	8 	8 
27 	0x0000	0 	0 	0 
T 	2022-02-08 03:59:30	 561 	c1937 	 2936 
S

List 	First 	Count  	ArrayCount 	TraverseCount 
0 	0x5c6a	75 	75 	75 
1 	0x0000	0 	0 	0 
2 	0x45c2	1 	1 	1 
3 	0x45f4	1 	1 	1 
4 	0x0000	0 	0 	0 
5 	0x0000	0 	0 	0 
6 	0x0000	0 	0 	0 
7 	0x0000	0 	0 	0 
8 	0x0000	0 	0 	0 
9 	0x6a7a	65 	65 	65 
10 	0x0000	0 	0 	0 
11 	0x0000	0 	0 	0 
12 	0x0000	0 	0 	0 
13 	0x46bc	66 	66 	66 
14 	0x0000	0 	0 	0 
15 	0x72ae	28 	28 	28 
16 	0x6f5c	1 	1 	1 
17 	0x49dc	1 	1 	1 
18 	0x0000	0 	0 	0 
19 	0x68b8	8 	8 	8 
20 	0x0000	0 	0 	0 
21 	0x0000	0 	0 	0 
22 	0x0000	0 	0 	0 
23 	0x0000	0 	0 	0 
24 	0x52d8	6 	6 	6 
25 	0x0000	0 	0 	0 
26 	0x6ade	8 	8 	8 
27 	0x0000	0 	0 	0 
T 	2022-02-08 05:05:00	 702 	c1937 	 2936 
S

List 	First 	Count  	ArrayCount 	TraverseCount 
0 	0x5fee	75 	75 	75 
1 	0x0000	0 	0 	0 
2 	0x45c2	1 	1 	1 
3 	0x45f4	1 	1 	1 
4 	0x0000	0 	0 	0 
5 	0x0000	0 	0 	0 
6 	0x0000	0 	0 	0 
7 	0x0000	0 	0 	0 
8 	0x0000	0 	0 	0 
9 	0x4c02	66 	66 	66 
10 	0x0000	0 	0 	0 
11 	0x0000	0 	0 	0 
12 	0x0000	0 	0 	0 
13 	0x4464	65 	65 	65 
14 	0x0000	0 	0 	0 
15 	0x72ae	28 	28 	28 
16 	0x6f5c	1 	1 	1 
17 	0x49dc	1 	1 	1 
18 	0x0000	0 	0 	0 
19 	0x68b8	8 	8 	8 
20 	0x0000	0 	0 	0 
21 	0x0000	0 	0 	0 
22 	0x0000	0 	0 	0 
23 	0x0000	0 	0 	0 
24 	0x5c6a	6 	6 	6 
25 	0x0000	0 	0 	0 
26 	0x6ade	8 	8 	8 
27 	0x0000	0 	0 	0 
T 	2022-02-08 06:10:30	 556 	c1937 	 2936 
S

List 	First 	Count  	ArrayCount 	TraverseCount 
0 	0x61e2	75 	75 	75 
1 	0x0000	0 	0 	0 
2 	0x45c2	1 	1 	1 
3 	0x45f4	1 	1 	1 
4 	0x0000	0 	0 	0 
5 	0x0000	0 	0 	0 
6 	0x0000	0 	0 	0 
7 	0x0000	0 	0 	0 
8 	0x0000	0 	0 	0 
9 	0x4b6c	65 	65 	65 
10 	0x0000	0 	0 	0 
11 	0x0000	0 	0 	0 
12 	0x0000	0 	0 	0 
13 	0x6dcc	66 	66 	66 
14 	0x0000	0 	0 	0 
15 	0x72ae	28 	28 	28 
16 	0x6f5c	1 	1 	1 
17 	0x49dc	1 	1 	1 
18 	0x0000	0 	0 	0 
19 	0x68b8	8 	8 	8 
20 	0x0000	0 	0 	0 
21 	0x0000	0 	0 	0 
22 	0x0000	0 	0 	0 
23 	0x0000	0 	0 	0 
24 	0x5fee	6 	6 	6 
25 	0x0000	0 	0 	0 
26 	0x6ade	8 	8 	8 
27 	0x0000	0 	0 	0 
T 	2022-02-08 07:16:01	 937 	c1937 	 2936 
S

List 	First 	Count  	ArrayCount 	TraverseCount 
0 	0x58e6	75 	75 	75 
1 	0x0000	0 	0 	0 
2 	0x45c2	1 	1 	1 
3 	0x45f4	1 	1 	1 
4 	0x0000	0 	0 	0 
5 	0x0000	0 	0 	0 
6 	0x0000	0 	0 	0 
7 	0x711e	40 	40 	40 
8 	0x0000	0 	0 	0 
9 	0x55c6	43 	43 	43 
10 	0x0000	0 	0 	0 
11 	0x0000	0 	0 	0 
12 	0x57ec	2 	2 	2 
13 	0x4d2e	42 	42 	42 
14 	0x4b9e	2 	2 	2 
15 	0x72ae	28 	28 	28 
16 	0x6f5c	1 	1 	1 
17 	0x49dc	1 	1 	1 
18 	0x0000	0 	0 	0 
19 	0x68b8	8 	8 	8 
20 	0x66c4	1 	1 	1 
21 	0x0000	0 	0 	0 
22 	0x0000	0 	0 	0 
23 	0x0000	0 	0 	0 
24 	0x61e2	6 	6 	6 
25 	0x0000	0 	0 	0 
26 	0x6ade	8 	8 	8 
27 	0x6372	1 	1 	1 
T 	2022-02-08 07:58:30	 557 	c1937 	 2937 
S

List 	First 	Count  	ArrayCount 	TraverseCount 
0 	0x724a	75 	75 	75 
1 	0x0000	0 	0 	0 
2 	0x45c2	1 	1 	1 
3 	0x45f4	1 	1 	1 
4 	0x0000	0 	0 	0 
5 	0x0000	0 	0 	0 
6 	0x0000	0 	0 	0 
7 	0x568e	18 	18 	18 
8 	0x0000	0 	0 	0 
9 	0x52d8	54 	54 	54 
10 	0x0000	0 	0 	0 
11 	0x0000	0 	0 	0 
12 	0x0000	0 	0 	0 
13 	0x6aac	55 	55 	55 
14 	0x5c6a	4 	4 	4 
15 	0x72ae	28 	28 	28 
16 	0x6f5c	1 	1 	1 
17 	0x49dc	1 	1 	1 
18 	0x0000	0 	0 	0 
19 	0x68b8	8 	8 	8 
20 	0x0000	0 	0 	0 
21 	0x0000	0 	0 	0 
22 	0x0000	0 	0 	0 
23 	0x0000	0 	0 	0 
24 	0x58e6	6 	6 	6 
25 	0x0000	0 	0 	0 
26 	0x6ade	8 	8 	8 
27 	0x0000	0 	0 	0 
T 	2022-02-08 08:53:00	 560 	c1937 	 2937 
S

List 	First 	Count  	ArrayCount 	TraverseCount 
0 	0x614c	75 	75 	75 
1 	0x0000	0 	0 	0 
2 	0x45c2	1 	1 	1 
3 	0x45f4	1 	1 	1 
4 	0x0000	0 	0 	0 
5 	0x0000	0 	0 	0 
6 	0x0000	0 	0 	0 
7 	0x70ec	30 	30 	30 
8 	0x0000	0 	0 	0 
9 	0x4f86	50 	50 	50 
10 	0x0000	0 	0 	0 
11 	0x0000	0 	0 	0 
12 	0x0000	0 	0 	0 
13 	0x70ba	49 	49 	49 
14 	0x6f8e	2 	2 	2 
15 	0x72ae	28 	28 	28 
16 	0x6f5c	1 	1 	1 
17 	0x49dc	1 	1 	1 
18 	0x0000	0 	0 	0 
19 	0x68b8	8 	8 	8 
20 	0x0000	0 	0 	0 
21 	0x0000	0 	0 	0 
22 	0x0000	0 	0 	0 
23 	0x0000	0 	0 	0 
24 	0x724a	6 	6 	6 
25 	0x0000	0 	0 	0 
26 	0x6ade	8 	8 	8 
27 	0x0000	0 	0 	0 
T 	2022-02-08 09:42:30	 562 	c1937 	 2937 
S

List 	First 	Count  	ArrayCount 	TraverseCount 
0 	0x6b74	75 	75 	75 
1 	0x0000	0 	0 	0 
2 	0x45c2	1 	1 	1 
3 	0x45f4	1 	1 	1 
4 	0x0000	0 	0 	0 
5 	0x0000	0 	0 	0 
6 	0x0000	0 	0 	0 
7 	0x6aac	23 	23 	23 
8 	0x0000	0 	0 	0 
9 	0x5fbc	48 	48 	48 
10 	0x0000	0 	0 	0 
11 	0x0000	0 	0 	0 
12 	0x5404	5 	5 	5 
13 	0x65ca	48 	48 	48 
14 	0x7182	3 	3 	3 
15 	0x72ae	28 	28 	28 
16 	0x6f5c	1 	1 	1 
17 	0x49dc	1 	1 	1 
18 	0x0000	0 	0 	0 
19 	0x68b8	9 	9 	9 
20 	0x4df6	1 	1 	1 
21 	0x0000	0 	0 	0 
22 	0x0000	0 	0 	0 
23 	0x0000	0 	0 	0 
24 	0x614c	6 	6 	6 
25 	0x0000	0 	0 	0 
26 	0x6ade	9 	9 	9 
27 	0x4400	1 	1 	1 
T 	2022-02-08 10:30:30	 559 	c1937 	 2938 
S

List 	First 	Count  	ArrayCount 	TraverseCount 
0 	0x57ba	75 	75 	75 
1 	0x0000	0 	0 	0 
2 	0x45c2	1 	1 	1 
3 	0x45f4	1 	1 	1 
4 	0x0000	0 	0 	0 
5 	0x0000	0 	0 	0 
6 	0x0000	0 	0 	0 
7 	0x6502	11 	11 	11 
8 	0x0000	0 	0 	0 
9 	0x5b0c	51 	51 	51 
10 	0x0000	0 	0 	0 
11 	0x0000	0 	0 	0 
12 	0x4ef0	15 	15 	15 
13 	0x7664	51 	51 	51 
14 	0x5fee	3 	3 	3 
15 	0x72ae	28 	28 	28 
16 	0x6f5c	1 	1 	1 
17 	0x49dc	1 	1 	1 
18 	0x0000	0 	0 	0 
19 	0x68b8	8 	8 	8 
20 	0x0000	0 	0 	0 
21 	0x0000	0 	0 	0 
22 	0x0000	0 	0 	0 
23 	0x0000	0 	0 	0 
24 	0x6b74	6 	6 	6 
25 	0x0000	0 	0 	0 
26 	0x6ade	8 	8 	8 
27 	0x0000	0 	0 	0 
T 	2022-02-08 11:21:30	 567 	c1937 	 2941 
S

List 	First 	Count  	ArrayCount 	TraverseCount 
0 	0x7024	75 	75 	75 
1 	0x0000	0 	0 	0 
2 	0x45c2	1 	1 	1 
3 	0x45f4	1 	1 	1 
4 	0x0000	0 	0 	0 
5 	0x0000	0 	0 	0 
6 	0x0000	0 	0 	0 
7 	0x53a0	9 	9 	9 
8 	0x0000	0 	0 	0 
9 	0x6dfe	50 	50 	50 
10 	0x0000	0 	0 	0 
11 	0x0000	0 	0 	0 
12 	0x562a	15 	15 	15 
13 	0x51ac	50 	50 	50 
14 	0x4e28	3 	3 	3 
15 	0x72ae	28 	28 	28 
16 	0x6f5c	1 	1 	1 
17 	0x49dc	1 	1 	1 
18 	0x0000	0 	0 	0 
19 	0x68b8	9 	9 	9 
20 	0x5756	1 	1 	1 
21 	0x0000	0 	0 	0 
22 	0x0000	0 	0 	0 
23 	0x0000	0 	0 	0 
24 	0x57ba	6 	6 	6 
25 	0x0000	0 	0 	0 
26 	0x6ade	9 	9 	9 
27 	0x6d04	1 	1 	1 
T 	2022-02-08 12:11:30	 558 	c1937 	 2944 
S

List 	First 	Count  	ArrayCount 	TraverseCount 
0 	0x5f8a	75 	75 	75 
1 	0x0000	0 	0 	0 
2 	0x45c2	1 	1 	1 
3 	0x45f4	1 	1 	1 
4 	0x0000	0 	0 	0 
5 	0x0000	0 	0 	0 
6 	0x0000	0 	0 	0 
7 	0x0000	0 	0 	0 
8 	0x0000	0 	0 	0 
9 	0x5ba2	65 	65 	65 
10 	0x0000	0 	0 	0 
11 	0x0000	0 	0 	0 
12 	0x0000	0 	0 	0 
13 	0x5c9c	66 	66 	66 
14 	0x0000	0 	0 	0 
15 	0x72ae	28 	28 	28 
16 	0x6f5c	1 	1 	1 
17 	0x49dc	1 	1 	1 
18 	0x0000	0 	0 	0 
19 	0x68b8	8 	8 	8 
20 	0x0000	0 	0 	0 
21 	0x0000	0 	0 	0 
22 	0x0000	0 	0 	0 
23 	0x0000	0 	0 	0 
24 	0x7024	6 	6 	6 
25 	0x0000	0 	0 	0 
26 	0x6ade	8 	8 	8 
27 	0x0000	0 	0 	0 
T 	2022-02-08 13:17:00	 562 	c1937 	 2944 
S

List 	First 	Count  	ArrayCount 	TraverseCount 
0 	0x6e94	75 	75 	75 
1 	0x0000	0 	0 	0 
2 	0x45c2	1 	1 	1 
3 	0x45f4	1 	1 	1 
4 	0x0000	0 	0 	0 
5 	0x0000	0 	0 	0 
6 	0x0000	0 	0 	0 
7 	0x0000	0 	0 	0 
8 	0x0000	0 	0 	0 
9 	0x55f8	67 	67 	67 
10 	0x0000	0 	0 	0 
11 	0x0000	0 	0 	0 
12 	0x0000	0 	0 	0 
13 	0x6c0a	66 	66 	66 
14 	0x0000	0 	0 	0 
15 	0x72ae	28 	28 	28 
16 	0x6f5c	1 	1 	1 
17 	0x49dc	1 	1 	1 
18 	0x0000	0 	0 	0 
19 	0x68b8	7 	7 	7 
20 	0x0000	0 	0 	0 
21 	0x0000	0 	0 	0 
22 	0x0000	0 	0 	0 
23 	0x0000	0 	0 	0 
24 	0x5f8a	6 	6 	6 
25 	0x0000	0 	0 	0 
26 	0x6ade	7 	7 	7 
27 	0x0000	0 	0 	0 
T 	2022-02-08 14:23:30	 565 	c1937 	 2944 
S

List 	First 	Count  	ArrayCount 	TraverseCount 
0 	0x581e	75 	75 	75 
1 	0x0000	0 	0 	0 
2 	0x45c2	1 	1 	1 
3 	0x45f4	1 	1 	1 
4 	0x0000	0 	0 	0 
5 	0x0000	0 	0 	0 
6 	0x0000	0 	0 	0 
7 	0x4b6c	5 	5 	5 
8 	0x0000	0 	0 	0 
9 	0x6d9a	61 	61 	61 
10 	0x0000	0 	0 	0 
11 	0x0000	0 	0 	0 
12 	0x6cd2	5 	5 	5 
13 	0x6278	61 	61 	61 
14 	0x646c	1 	1 	1 
15 	0x72ae	28 	28 	28 
16 	0x6f5c	1 	1 	1 
17 	0x49dc	1 	1 	1 
18 	0x0000	0 	0 	0 
19 	0x68b8	6 	6 	6 
20 	0x4496	1 	1 	1 
21 	0x0000	0 	0 	0 
22 	0x0000	0 	0 	0 
23 	0x0000	0 	0 	0 
24 	0x6e94	6 	6 	6 
25 	0x0000	0 	0 	0 
26 	0x6ade	6 	6 	6 
27 	0x6e30	1 	1 	1 
T 	2022-02-08 15:24:30	 557 	c1937 	 2945 
S

List 	First 	Count  	ArrayCount 	TraverseCount 
0 	0x5148	75 	75 	75 
1 	0x0000	0 	0 	0 
2 	0x45c2	1 	1 	1 
3 	0x45f4	1 	1 	1 
4 	0x0000	0 	0 	0 
5 	0x0000	0 	0 	0 
6 	0x0000	0 	0 	0 
7 	0x0000	0 	0 	0 
8 	0x0000	0 	0 	0 
9 	0x4914	67 	67 	67 
10 	0x0000	0 	0 	0 
11 	0x0000	0 	0 	0 
12 	0x0000	0 	0 	0 
13 	0x4946	68 	68 	68 
14 	0x0000	0 	0 	0 
15 	0x72ae	28 	28 	28 
16 	0x6f5c	1 	1 	1 
17 	0x49dc	1 	1 	1 
18 	0x0000	0 	0 	0 
19 	0x68b8	6 	6 	6 
20 	0x0000	0 	0 	0 
21 	0x0000	0 	0 	0 
22 	0x0000	0 	0 	0 
23 	0x0000	0 	0 	0 
24 	0x581e	6 	6 	6 
25 	0x0000	0 	0 	0 
26 	0x6ade	6 	6 	6 
27 	0x0000	0 	0 	0 
T 	2022-02-08 16:32:00	 552 	c1937 	 2945 
S

List 	First 	Count  	ArrayCount 	TraverseCount 
0 	0x4a72	75 	75 	75 
1 	0x0000	0 	0 	0 
2 	0x45c2	1 	1 	1 
3 	0x45f4	1 	1 	1 
4 	0x0000	0 	0 	0 
5 	0x0000	0 	0 	0 
6 	0x0000	0 	0 	0 
7 	0x0000	0 	0 	0 
8 	0x0000	0 	0 	0 
9 	0x4b6c	68 	68 	68 
10 	0x0000	0 	0 	0 
11 	0x0000	0 	0 	0 
12 	0x0000	0 	0 	0 
13 	0x5d32	67 	67 	67 
14 	0x0000	0 	0 	0 
15 	0x72ae	28 	28 	28 
16 	0x6f5c	1 	1 	1 
17 	0x49dc	1 	1 	1 
18 	0x0000	0 	0 	0 
19 	0x68b8	6 	6 	6 
20 	0x0000	0 	0 	0 
21 	0x0000	0 	0 	0 
22 	0x0000	0 	0 	0 
23 	0x0000	0 	0 	0 
24 	0x5148	6 	6 	6 
25 	0x0000	0 	0 	0 
26 	0x6ade	6 	6 	6 
27 	0x0000	0 	0 	0 
T 	2022-02-08 17:39:30	 554 	c1937 	 2945 
S

List 	First 	Count  	ArrayCount 	TraverseCount 
0 	0x5a12	75 	75 	75 
1 	0x0000	0 	0 	0 
2 	0x45c2	1 	1 	1 
3 	0x45f4	1 	1 	1 
4 	0x0000	0 	0 	0 
5 	0x0000	0 	0 	0 
6 	0x0000	0 	0 	0 
7 	0x0000	0 	0 	0 
8 	0x0000	0 	0 	0 
9 	0x4aa4	67 	67 	67 
10 	0x0000	0 	0 	0 
11 	0x0000	0 	0 	0 
12 	0x0000	0 	0 	0 
13 	0x6340	68 	68 	68 
14 	0x0000	0 	0 	0 
15 	0x72ae	28 	28 	28 
16 	0x6f5c	1 	1 	1 
17 	0x49dc	1 	1 	1 
18 	0x0000	0 	0 	0 
19 	0x68b8	6 	6 	6 
20 	0x0000	0 	0 	0 
21 	0x0000	0 	0 	0 
22 	0x0000	0 	0 	0 
23 	0x0000	0 	0 	0 
24 	0x4a72	6 	6 	6 
25 	0x0000	0 	0 	0 
26 	0x6ade	6 	6 	6 
27 	0x0000	0 	0 	0 
T 	2022-02-08 18:47:00	 559 	c1937 	 2945 
S

List 	First 	Count  	ArrayCount 	TraverseCount 
0 	0x743e	75 	75 	75 
1 	0x0000	0 	0 	0 
2 	0x45c2	1 	1 	1 
3 	0x45f4	1 	1 	1 
4 	0x0000	0 	0 	0 
5 	0x0000	0 	0 	0 
6 	0x0000	0 	0 	0 
7 	0x6566	1 	1 	1 
8 	0x0000	0 	0 	0 
9 	0x65fc	64 	64 	64 
10 	0x0000	0 	0 	0 
11 	0x0000	0 	0 	0 
12 	0x6e94	5 	5 	5 
13 	0x7632	64 	64 	64 
14 	0x5c6a	1 	1 	1 
15 	0x72ae	28 	28 	28 
16 	0x6f5c	1 	1 	1 
17 	0x49dc	1 	1 	1 
18 	0x0000	0 	0 	0 
19 	0x68b8	6 	6 	6 
20 	0x0000	0 	0 	0 
21 	0x0000	0 	0 	0 
22 	0x0000	0 	0 	0 
23 	0x0000	0 	0 	0 
24 	0x5a12	6 	6 	6 
25 	0x0000	0 	0 	0 
26 	0x6ade	6 	6 	6 
27 	0x0000	0 	0 	0 
T 	2022-02-08 19:51:00	 562 	c1937 	 2946 
S

List 	First 	Count  	ArrayCount 	TraverseCount 
0 	0x56f2	75 	75 	75 
1 	0x0000	0 	0 	0 
2 	0x45c2	1 	1 	1 
3 	0x45f4	1 	1 	1 
4 	0x0000	0 	0 	0 
5 	0x0000	0 	0 	0 
6 	0x0000	0 	0 	0 
7 	0x4c34	1 	1 	1 
8 	0x0000	0 	0 	0 
9 	0x63a4	66 	66 	66 
10 	0x0000	0 	0 	0 
11 	0x0000	0 	0 	0 
12 	0x50e4	1 	1 	1 
13 	0x73a8	66 	66 	66 
14 	0x646c	1 	1 	1 
15 	0x72ae	28 	28 	28 
16 	0x6f5c	1 	1 	1 
17 	0x49dc	1 	1 	1 
18 	0x0000	0 	0 	0 
19 	0x68b8	6 	6 	6 
20 	0x0000	0 	0 	0 
21 	0x0000	0 	0 	0 
22 	0x0000	0 	0 	0 
23 	0x0000	0 	0 	0 
24 	0x743e	6 	6 	6 
25 	0x0000	0 	0 	0 
26 	0x6ade	6 	6 	6 
27 	0x0000	0 	0 	0 
T 	2022-02-08 20:57:00	 555 	c1937 	 2946 
S

List 	First 	Count  	ArrayCount 	TraverseCount 
0 	0x51ac	75 	75 	75 
1 	0x0000	0 	0 	0 
2 	0x45c2	1 	1 	1 
3 	0x45f4	1 	1 	1 
4 	0x0000	0 	0 	0 
5 	0x0000	0 	0 	0 
6 	0x0000	0 	0 	0 
7 	0x0000	0 	0 	0 
8 	0x0000	0 	0 	0 
9 	0x7150	68 	68 	68 
10 	0x0000	0 	0 	0 
11 	0x0000	0 	0 	0 
12 	0x0000	0 	0 	0 
13 	0x5b0c	67 	67 	67 
14 	0x0000	0 	0 	0 
15 	0x72ae	28 	28 	28 
16 	0x6f5c	1 	1 	1 
17 	0x49dc	1 	1 	1 
18 	0x0000	0 	0 	0 
19 	0x68b8	6 	6 	6 
20 	0x0000	0 	0 	0 
21 	0x0000	0 	0 	0 
22 	0x0000	0 	0 	0 
23 	0x0000	0 	0 	0 
24 	0x56f2	6 	6 	6 
25 	0x0000	0 	0 	0 
26 	0x6ade	6 	6 	6 
27 	0x0000	0 	0 	0 
T 	2022-02-08 22:04:30	 556 	c1937 	 2946 
S

List 	First 	Count  	ArrayCount 	TraverseCount 
0 	0x65fc	75 	75 	75 
1 	0x0000	0 	0 	0 
2 	0x45c2	1 	1 	1 
3 	0x45f4	1 	1 	1 
4 	0x0000	0 	0 	0 
5 	0x0000	0 	0 	0 
6 	0x0000	0 	0 	0 
7 	0x0000	0 	0 	0 
8 	0x0000	0 	0 	0 
9 	0x4d60	67 	67 	67 
10 	0x0000	0 	0 	0 
11 	0x0000	0 	0 	0 
12 	0x0000	0 	0 	0 
13 	0x7056	68 	68 	68 
14 	0x0000	0 	0 	0 
15 	0x72ae	28 	28 	28 
16 	0x6f5c	1 	1 	1 
17 	0x49dc	1 	1 	1 
18 	0x0000	0 	0 	0 
19 	0x68b8	6 	6 	6 
20 	0x0000	0 	0 	0 
21 	0x0000	0 	0 	0 
22 	0x0000	0 	0 	0 
23 	0x0000	0 	0 	0 
24 	0x51ac	6 	6 	6 
25 	0x0000	0 	0 	0 
26 	0x6ade	6 	6 	6 
27 	0x0000	0 	0 	0 
T 	2022-02-08 23:12:01	 929 	c1937 	 2946 
S

List 	First 	Count  	ArrayCount 	TraverseCount 
0 	0x759c	75 	75 	75 
1 	0x0000	0 	0 	0 
2 	0x45c2	1 	1 	1 
3 	0x45f4	1 	1 	1 
4 	0x0000	0 	0 	0 
5 	0x0000	0 	0 	0 
6 	0x0000	0 	0 	0 
7 	0x0000	0 	0 	0 
8 	0x0000	0 	0 	0 
9 	0x562a	68 	68 	68 
10 	0x0000	0 	0 	0 
11 	0x0000	0 	0 	0 
12 	0x0000	0 	0 	0 
13 	0x5242	67 	67 	67 
14 	0x0000	0 	0 	0 
15 	0x72ae	28 	28 	28 
16 	0x6f5c	1 	1 	1 
17 	0x49dc	1 	1 	1 
18 	0x0000	0 	0 	0 
19 	0x68b8	6 	6 	6 
20 	0x0000	0 	0 	0 
21 	0x0000	0 	0 	0 
22 	0x0000	0 	0 	0 
23 	0x0000	0 	0 	0 
24 	0x65fc	6 	6 	6 
25 	0x0000	0 	0 	0 
26 	0x6ade	6 	6 	6 
27 	0x0000	0 	0 	0 
T 	2022-02-09 00:19:30	 559 	c1937 	 2946 
S

List 	First 	Count  	ArrayCount 	TraverseCount 
0 	0x7182	75 	75 	75 
1 	0x0000	0 	0 	0 
2 	0x45c2	1 	1 	1 
3 	0x45f4	1 	1 	1 
4 	0x0000	0 	0 	0 
5 	0x0000	0 	0 	0 
6 	0x0000	0 	0 	0 
7 	0x0000	0 	0 	0 
8 	0x0000	0 	0 	0 
9 	0x4784	67 	67 	67 
10 	0x0000	0 	0 	0 
11 	0x0000	0 	0 	0 
12 	0x0000	0 	0 	0 
13 	0x6372	68 	68 	68 
14 	0x0000	0 	0 	0 
15 	0x72ae	28 	28 	28 
16 	0x6f5c	1 	1 	1 
17 	0x49dc	1 	1 	1 
18 	0x0000	0 	0 	0 
19 	0x68b8	6 	6 	6 
20 	0x0000	0 	0 	0 
21 	0x0000	0 	0 	0 
22 	0x0000	0 	0 	0 
23 	0x0000	0 	0 	0 
24 	0x759c	6 	6 	6 
25 	0x0000	0 	0 	0 
26 	0x6ade	6 	6 	6 
27 	0x0000	0 	0 	0 
T 	2022-02-09 01:27:01	 129 	c1937 	 2946 
S

List 	First 	Count  	ArrayCount 	TraverseCount 
0 	0x4c34	75 	75 	75 
1 	0x0000	0 	0 	0 
2 	0x45c2	1 	1 	1 
3 	0x45f4	1 	1 	1 
4 	0x0000	0 	0 	0 
5 	0x0000	0 	0 	0 
6 	0x0000	0 	0 	0 
7 	0x0000	0 	0 	0 
8 	0x0000	0 	0 	0 
9 	0x643a	68 	68 	68 
10 	0x0000	0 	0 	0 
11 	0x0000	0 	0 	0 
12 	0x0000	0 	0 	0 
13 	0x727c	67 	67 	67 
14 	0x0000	0 	0 	0 
15 	0x72ae	28 	28 	28 
16 	0x6f5c	1 	1 	1 
17 	0x49dc	1 	1 	1 
18 	0x0000	0 	0 	0 
19 	0x68b8	6 	6 	6 
20 	0x0000	0 	0 	0 
21 	0x0000	0 	0 	0 
22 	0x0000	0 	0 	0 
23 	0x0000	0 	0 	0 
24 	0x7182	6 	6 	6 
25 	0x0000	0 	0 	0 
26 	0x6ade	6 	6 	6 
27 	0x0000	0 	0 	0 
T 	2022-02-09 02:34:30	 567 	c1937 	 2946 
S

List 	First 	Count  	ArrayCount 	TraverseCount 
0 	0x5562	75 	75 	75 
1 	0x0000	0 	0 	0 
2 	0x45c2	1 	1 	1 
3 	0x45f4	1 	1 	1 
4 	0x0000	0 	0 	0 
5 	0x0000	0 	0 	0 
6 	0x0000	0 	0 	0 
7 	0x0000	0 	0 	0 
8 	0x0000	0 	0 	0 
9 	0x6d9a	67 	67 	67 
10 	0x0000	0 	0 	0 
11 	0x0000	0 	0 	0 
12 	0x0000	0 	0 	0 
13 	0x5ada	68 	68 	68 
14 	0x0000	0 	0 	0 
15 	0x72ae	28 	28 	28 
16 	0x6f5c	1 	1 	1 
17 	0x49dc	1 	1 	1 
18 	0x0000	0 	0 	0 
19 	0x68b8	6 	6 	6 
20 	0x0000	0 	0 	0 
21 	0x0000	0 	0 	0 
22 	0x0000	0 	0 	0 
23 	0x0000	0 	0 	0 
24 	0x4c34	6 	6 	6 
25 	0x0000	0 	0 	0 
26 	0x6ade	6 	6 	6 
27 	0x0000	0 	0 	0 
T 	2022-02-09 03:42:01	 129 	c1937 	 2946 
S

List 	First 	Count  	ArrayCount 	TraverseCount 
0 	0x7376	75 	75 	75 
1 	0x0000	0 	0 	0 
2 	0x45c2	1 	1 	1 
3 	0x45f4	1 	1 	1 
4 	0x0000	0 	0 	0 
5 	0x0000	0 	0 	0 
6 	0x0000	0 	0 	0 
7 	0x0000	0 	0 	0 
8 	0x0000	0 	0 	0 
9 	0x614c	68 	68 	68 
10 	0x0000	0 	0 	0 
11 	0x0000	0 	0 	0 
12 	0x0000	0 	0 	0 
13 	0x452c	67 	67 	67 
14 	0x0000	0 	0 	0 
15 	0x72ae	28 	28 	28 
16 	0x6f5c	1 	1 	1 
17 	0x49dc	1 	1 	1 
18 	0x0000	0 	0 	0 
19 	0x68b8	6 	6 	6 
20 	0x0000	0 	0 	0 
21 	0x0000	0 	0 	0 
22 	0x0000	0 	0 	0 
23 	0x0000	0 	0 	0 
24 	0x5562	6 	6 	6 
25 	0x0000	0 	0 	0 
26 	0x6ade	6 	6 	6 
27 	0x0000	0 	0 	0 
T 	2022-02-09 04:49:30	 557 	c1937 	 2946 
S

List 	First 	Count  	ArrayCount 	TraverseCount 
0 	0x60b6	75 	75 	75 
1 	0x0000	0 	0 	0 
2 	0x45c2	1 	1 	1 
3 	0x45f4	1 	1 	1 
4 	0x0000	0 	0 	0 
5 	0x0000	0 	0 	0 
6 	0x0000	0 	0 	0 
7 	0x7664	1 	1 	1 
8 	0x0000	0 	0 	0 
9 	0x6408	64 	64 	64 
10 	0x0000	0 	0 	0 
11 	0x0000	0 	0 	0 
12 	0x6278	5 	5 	5 
13 	0x675a	64 	64 	64 
14 	0x4b08	1 	1 	1 
15 	0x72ae	28 	28 	28 
16 	0x6f5c	1 	1 	1 
17 	0x49dc	1 	1 	1 
18 	0x0000	0 	0 	0 
19 	0x68b8	6 	6 	6 
20 	0x0000	0 	0 	0 
21 	0x0000	0 	0 	0 
22 	0x0000	0 	0 	0 
23 	0x0000	0 	0 	0 
24 	0x7376	6 	6 	6 
25 	0x0000	0 	0 	0 
26 	0x6ade	6 	6 	6 
27 	0x0000	0 	0 	0 
T 	2022-02-09 05:53:30	 561 	c1937 	 2947 
S

List 	First 	Count  	ArrayCount 	TraverseCount 
0 	0x597c	75 	75 	75 
1 	0x0000	0 	0 	0 
2 	0x45c2	1 	1 	1 
3 	0x45f4	1 	1 	1 
4 	0x0000	0 	0 	0 
5 	0x0000	0 	0 	0 
6 	0x0000	0 	0 	0 
7 	0x0000	0 	0 	0 
8 	0x0000	0 	0 	0 
9 	0x69b2	67 	67 	67 
10 	0x0000	0 	0 	0 
11 	0x0000	0 	0 	0 
12 	0x0000	0 	0 	0 
13 	0x5b0c	68 	68 	68 
14 	0x0000	0 	0 	0 
15 	0x72ae	28 	28 	28 
16 	0x6f5c	1 	1 	1 
17 	0x49dc	1 	1 	1 
18 	0x0000	0 	0 	0 
19 	0x68b8	6 	6 	6 
20 	0x0000	0 	0 	0 
21 	0x0000	0 	0 	0 
22 	0x0000	0 	0 	0 
23 	0x0000	0 	0 	0 
24 	0x60b6	6 	6 	6 
25 	0x0000	0 	0 	0 
26 	0x6ade	6 	6 	6 
27 	0x0000	0 	0 	0 
T 	2022-02-09 07:01:01	 928 	c1937 	 2947 
S

List 	First 	Count  	ArrayCount 	TraverseCount 
0 	0x6854	75 	75 	75 
1 	0x0000	0 	0 	0 
2 	0x45c2	1 	1 	1 
3 	0x45f4	1 	1 	1 
4 	0x0000	0 	0 	0 
5 	0x0000	0 	0 	0 
6 	0x0000	0 	0 	0 
7 	0x6692	32 	32 	32 
8 	0x0000	0 	0 	0 
9 	0x4626	49 	49 	49 
10 	0x0000	0 	0 	0 
11 	0x0000	0 	0 	0 
12 	0x6cd2	2 	2 	2 
13 	0x6052	48 	48 	48 
14 	0x6020	2 	2 	2 
15 	0x72ae	28 	28 	28 
16 	0x6f5c	1 	1 	1 
17 	0x49dc	1 	1 	1 
18 	0x0000	0 	0 	0 
19 	0x68b8	6 	6 	6 
20 	0x740c	1 	1 	1 
21 	0x0000	0 	0 	0 
22 	0x0000	0 	0 	0 
23 	0x0000	0 	0 	0 
24 	0x597c	6 	6 	6 
25 	0x0000	0 	0 	0 
26 	0x6ade	6 	6 	6 
27 	0x65ca	1 	1 	1 
T 	2022-02-09 07:49:30	 563 	c1937 	 2948 
S

List 	First 	Count  	ArrayCount 	TraverseCount 
0 	0x70ec	75 	75 	75 
1 	0x0000	0 	0 	0 
2 	0x45c2	1 	1 	1 
3 	0x45f4	1 	1 	1 
4 	0x0000	0 	0 	0 
5 	0x0000	0 	0 	0 
6 	0x0000	0 	0 	0 
7 	0x54cc	15 	15 	15 
8 	0x0000	0 	0 	0 
9 	0x6598	51 	51 	51 
10 	0x0000	0 	0 	0 
11 	0x0000	0 	0 	0 
12 	0x55f8	8 	8 	8 
13 	0x4432	52 	52 	52 
14 	0x4c02	7 	7 	7 
15 	0x72ae	28 	28 	28 
16 	0x6f5c	1 	1 	1 
17 	0x49dc	1 	1 	1 
18 	0x0000	0 	0 	0 
19 	0x68b8	5 	5 	5 
20 	0x4d2e	2 	2 	2 
21 	0x0000	0 	0 	0 
22 	0x0000	0 	0 	0 
23 	0x0000	0 	0 	0 
24 	0x6854	6 	6 	6 
25 	0x0000	0 	0 	0 
26 	0x6ade	5 	5 	5 
27 	0x468a	2 	2 	2 
T 	2022-02-09 08:41:29	  36 	c1937 	 2950 
S

List 	First 	Count  	ArrayCount 	TraverseCount 
0 	0x759c	75 	75 	75 
1 	0x0000	0 	0 	0 
2 	0x45c2	1 	1 	1 
3 	0x45f4	1 	1 	1 
4 	0x0000	0 	0 	0 
5 	0x0000	0 	0 	0 
6 	0x0000	0 	0 	0 
7 	0x5404	55 	55 	55 
8 	0x0000	0 	0 	0 
9 	0x6b10	38 	38 	38 
10 	0x0000	0 	0 	0 
11 	0x0000	0 	0 	0 
12 	0x0000	0 	0 	0 
13 	0x4914	39 	39 	39 
14 	0x5dfa	5 	5 	5 
15 	0x72ae	28 	28 	28 
16 	0x6f5c	1 	1 	1 
17 	0x49dc	1 	1 	1 
18 	0x0000	0 	0 	0 
19 	0x68b8	5 	5 	5 
20 	0x0000	0 	0 	0 
21 	0x0000	0 	0 	0 
22 	0x0000	0 	0 	0 
23 	0x0000	0 	0 	0 
24 	0x4ef0	6 	6 	6 
25 	0x0000	0 	0 	0 
26 	0x6ade	5 	5 	5 
27 	0x0000	0 	0 	0 
T 	2022-02-09 09:20:00	 555 	c1937 	 2950 
S

List 	First 	Count  	ArrayCount 	TraverseCount 
0 	0x48e2	75 	75 	75 
1 	0x0000	0 	0 	0 
2 	0x45c2	1 	1 	1 
3 	0x45f4	1 	1 	1 
4 	0x0000	0 	0 	0 
5 	0x0000	0 	0 	0 
6 	0x0000	0 	0 	0 
7 	0x4c34	16 	16 	16 
8 	0x0000	0 	0 	0 
9 	0x5756	58 	58 	58 
10 	0x0000	0 	0 	0 
11 	0x0000	0 	0 	0 
12 	0x0000	0 	0 	0 
13 	0x65fc	57 	57 	57 
14 	0x4400	6 	6 	6 
15 	0x72ae	28 	28 	28 
16 	0x6f5c	1 	1 	1 
17 	0x49dc	1 	1 	1 
18 	0x0000	0 	0 	0 
19 	0x68b8	5 	5 	5 
20 	0x0000	0 	0 	0 
21 	0x0000	0 	0 	0 
22 	0x0000	0 	0 	0 
23 	0x0000	0 	0 	0 
24 	0x759c	6 	6 	6 
25 	0x0000	0 	0 	0 
26 	0x6ade	5 	5 	5 
27 	0x0000	0 	0 	0 
T 	2022-02-09 10:17:30	 558 	c1937 	 2950 
S

List 	First 	Count  	ArrayCount 	TraverseCount 
0 	0x4c02	75 	75 	75 
1 	0x0000	0 	0 	0 
2 	0x45c2	1 	1 	1 
3 	0x45f4	1 	1 	1 
4 	0x0000	0 	0 	0 
5 	0x0000	0 	0 	0 
6 	0x0000	0 	0 	0 
7 	0x6f8e	12 	12 	12 
8 	0x0000	0 	0 	0 
9 	0x617e	59 	59 	59 
10 	0x0000	0 	0 	0 
11 	0x0000	0 	0 	0 
12 	0x0000	0 	0 	0 
13 	0x5b70	60 	60 	60 
14 	0x6aac	4 	4 	4 
15 	0x72ae	28 	28 	28 
16 	0x6f5c	1 	1 	1 
17 	0x49dc	1 	1 	1 
18 	0x0000	0 	0 	0 
19 	0x68b8	6 	6 	6 
20 	0x0000	0 	0 	0 
21 	0x0000	0 	0 	0 
22 	0x0000	0 	0 	0 
23 	0x0000	0 	0 	0 
24 	0x48e2	6 	6 	6 
25 	0x0000	0 	0 	0 
26 	0x6ade	6 	6 	6 
27 	0x0000	0 	0 	0 
T 	2022-02-09 11:17:00	 612 	c1937 	 2950 
S

List 	First 	Count  	ArrayCount 	TraverseCount 
0 	0x4946	75 	75 	75 
1 	0x0000	0 	0 	0 
2 	0x45c2	1 	1 	1 
3 	0x45f4	1 	1 	1 
4 	0x0000	0 	0 	0 
5 	0x0000	0 	0 	0 
6 	0x0000	0 	0 	0 
7 	0x4658	37 	37 	37 
8 	0x0000	0 	0 	0 
9 	0x6534	45 	45 	45 
10 	0x0000	0 	0 	0 
11 	0x0000	0 	0 	0 
12 	0x0000	0 	0 	0 
13 	0x533c	44 	44 	44 
14 	0x6660	7 	7 	7 
15 	0x72ae	28 	28 	28 
16 	0x6f5c	1 	1 	1 
17 	0x49dc	1 	1 	1 
18 	0x0000	0 	0 	0 
19 	0x68b8	7 	7 	7 
20 	0x0000	0 	0 	0 
21 	0x0000	0 	0 	0 
22 	0x0000	0 	0 	0 
23 	0x0000	0 	0 	0 
24 	0x4c02	6 	6 	6 
25 	0x0000	0 	0 	0 
26 	0x6ade	7 	7 	7 
27 	0x0000	0 	0 	0 
T 	2022-02-09 12:01:47	 342 	c1937 	 2950 
S

List 	First 	Count  	ArrayCount 	TraverseCount 
0 	0x694e	75 	75 	75 
1 	0x0000	0 	0 	0 
2 	0x45c2	1 	1 	1 
3 	0x45f4	1 	1 	1 
4 	0x0000	0 	0 	0 
5 	0x0000	0 	0 	0 
6 	0x0000	0 	0 	0 
7 	0x4946	25 	25 	25 
8 	0x0000	0 	0 	0 
9 	0x6598	41 	41 	41 
10 	0x0000	0 	0 	0 
11 	0x0000	0 	0 	0 
12 	0x0000	0 	0 	0 
13 	0x6d04	42 	42 	42 
14 	0x53a0	15 	15 	15 
15 	0x72ae	28 	28 	28 
16 	0x6f5c	1 	1 	1 
17 	0x49dc	1 	1 	1 
18 	0x0000	0 	0 	0 
19 	0x68b8	12 	12 	12 
20 	0x0000	0 	0 	0 
21 	0x0000	0 	0 	0 
22 	0x0000	0 	0 	0 
23 	0x0000	0 	0 	0 
24 	0x71b4	6 	6 	6 
25 	0x0000	0 	0 	0 
26 	0x6ade	12 	12 	12 
27 	0x0000	0 	0 	0 
T 	2022-02-09 12:43:00	 616 	c1937 	 2950 
S

List 	First 	Count  	ArrayCount 	TraverseCount 
0 	0x5f58	75 	75 	75 
1 	0x0000	0 	0 	0 
2 	0x45c2	1 	1 	1 
3 	0x45f4	1 	1 	1 
4 	0x0000	0 	0 	0 
5 	0x0000	0 	0 	0 
6 	0x0000	0 	0 	0 
7 	0x73da	4 	4 	4 
8 	0x0000	0 	0 	0 
9 	0x6980	60 	60 	60 
10 	0x0000	0 	0 	0 
11 	0x0000	0 	0 	0 
12 	0x0000	0 	0 	0 
13 	0x7538	59 	59 	59 
14 	0x0000	0 	0 	0 
15 	0x72ae	28 	28 	28 
16 	0x6f5c	1 	1 	1 
17 	0x49dc	1 	1 	1 
18 	0x0000	0 	0 	0 
19 	0x68b8	12 	12 	12 
20 	0x0000	0 	0 	0 
21 	0x0000	0 	0 	0 
22 	0x0000	0 	0 	0 
23 	0x0000	0 	0 	0 
24 	0x694e	6 	6 	6 
25 	0x0000	0 	0 	0 
26 	0x6ade	12 	12 	12 
27 	0x0000	0 	0 	0 
T 	2022-02-09 13:42:30	 556 	c1937 	 2950 
S

List 	First 	Count  	ArrayCount 	TraverseCount 
0 	0x6e94	75 	75 	75 
1 	0x0000	0 	0 	0 
2 	0x45c2	1 	1 	1 
3 	0x45f4	1 	1 	1 
4 	0x0000	0 	0 	0 
5 	0x0000	0 	0 	0 
6 	0x0000	0 	0 	0 
7 	0x52a6	2 	2 	2 
8 	0x0000	0 	0 	0 
9 	0x7376	60 	60 	60 
10 	0x0000	0 	0 	0 
11 	0x0000	0 	0 	0 
12 	0x0000	0 	0 	0 
13 	0x5ada	61 	61 	61 
14 	0x0000	0 	0 	0 
15 	0x72ae	28 	28 	28 
16 	0x6f5c	1 	1 	1 
17 	0x49dc	1 	1 	1 
18 	0x0000	0 	0 	0 
19 	0x68b8	12 	12 	12 
20 	0x0000	0 	0 	0 
21 	0x0000	0 	0 	0 
22 	0x0000	0 	0 	0 
23 	0x0000	0 	0 	0 
24 	0x5f58	6 	6 	6 
25 	0x0000	0 	0 	0 
26 	0x6ade	12 	12 	12 
27 	0x0000	0 	0 	0 
T 	2022-02-09 14:43:00	 612 	c1937 	 2950 
S

List 	First 	Count  	ArrayCount 	TraverseCount 
0 	0x70ba	75 	75 	75 
1 	0x0000	0 	0 	0 
2 	0x45c2	1 	1 	1 
3 	0x45f4	1 	1 	1 
4 	0x0000	0 	0 	0 
5 	0x0000	0 	0 	0 
6 	0x0000	0 	0 	0 
7 	0x68ea	12 	12 	12 
8 	0x0000	0 	0 	0 
9 	0x614c	52 	52 	52 
10 	0x0000	0 	0 	0 
11 	0x0000	0 	0 	0 
12 	0x0000	0 	0 	0 
13 	0x4784	51 	51 	51 
14 	0x4e28	4 	4 	4 
15 	0x72ae	28 	28 	28 
16 	0x6f5c	1 	1 	1 
17 	0x49dc	1 	1 	1 
18 	0x0000	0 	0 	0 
19 	0x68b8	14 	14 	14 
20 	0x0000	0 	0 	0 
21 	0x0000	0 	0 	0 
22 	0x0000	0 	0 	0 
23 	0x0000	0 	0 	0 
24 	0x6e94	6 	6 	6 
25 	0x0000	0 	0 	0 
26 	0x6ade	14 	14 	14 
27 	0x0000	0 	0 	0 
T 	2022-02-09 15:34:30	 566 	c1937 	 2950 
S

List 	First 	Count  	ArrayCount 	TraverseCount 
0 	0x4496	73 	73 	73 
1 	0x0000	0 	0 	0 
2 	0x45c2	1 	1 	1 
3 	0x45f4	1 	1 	1 
4 	0x0000	0 	0 	0 
5 	0x0000	0 	0 	0 
6 	0x0000	0 	0 	0 
7 	0x5242	24 	24 	24 
8 	0x0000	0 	0 	0 
9 	0x62aa	2 	2 	2 
10 	0x0000	0 	0 	0 
11 	0x0000	0 	0 	0 
12 	0x52a6	70 	70 	70 
13 	0x67be	3 	3 	3 
14 	0x565c	18 	18 	18 
15 	0x72ae	28 	28 	28 
16 	0x6f5c	1 	1 	1 
17 	0x49dc	1 	1 	1 
18 	0x0000	0 	0 	0 
19 	0x68b8	15 	15 	15 
20 	0x4c66	1 	1 	1 
21 	0x0000	0 	0 	0 
22 	0x0000	0 	0 	0 
23 	0x0000	0 	0 	0 
24 	0x70ba	6 	6 	6 
25 	0x0000	0 	0 	0 
26 	0x6ade	15 	15 	15 
27 	0x481a	1 	1 	1 
T 	2022-02-09 15:37:11	 240 	c1937 	 2964 
S

List 	First 	Count  	ArrayCount 	TraverseCount 
0 	0x6d9a	74 	74 	74 
1 	0x0000	0 	0 	0 
2 	0x45c2	1 	1 	1 
3 	0x45f4	1 	1 	1 
4 	0x0000	0 	0 	0 
5 	0x0000	0 	0 	0 
6 	0x0000	0 	0 	0 
7 	0x5080	18 	18 	18 
8 	0x0000	0 	0 	0 
9 	0x4658	1 	1 	1 
10 	0x0000	0 	0 	0 
11 	0x0000	0 	0 	0 
12 	0x5210	81 	81 	81 
13 	0x4946	1 	1 	1 
14 	0x7470	17 	17 	17 
15 	0x72ae	28 	28 	28 
16 	0x6f5c	1 	1 	1 
17 	0x49dc	1 	1 	1 
18 	0x0000	0 	0 	0 
19 	0x68b8	15 	15 	15 
20 	0x0000	0 	0 	0 
21 	0x0000	0 	0 	0 
22 	0x0000	0 	0 	0 
23 	0x0000	0 	0 	0 
24 	0x7538	6 	6 	6 
25 	0x0000	0 	0 	0 
26 	0x6ade	15 	15 	15 
27 	0x0000	0 	0 	0 
T 	2022-02-09 15:38:19	 719 	c1937 	 2982 
S

List 	First 	Count  	ArrayCount 	TraverseCount 
0 	0x6408	70 	70 	70 
1 	0x0000	0 	0 	0 
2 	0x45c2	1 	1 	1 
3 	0x45f4	1 	1 	1 
4 	0x0000	0 	0 	0 
5 	0x0000	0 	0 	0 
6 	0x0000	0 	0 	0 
7 	0x4cfc	19 	19 	19 
8 	0x0000	0 	0 	0 
9 	0x4752	1 	1 	1 
10 	0x0000	0 	0 	0 
11 	0x0000	0 	0 	0 
12 	0x4400	85 	85 	85 
13 	0x0000	0 	0 	0 
14 	0x72e0	17 	17 	17 
15 	0x72ae	28 	28 	28 
16 	0x6f5c	1 	1 	1 
17 	0x49dc	1 	1 	1 
18 	0x0000	0 	0 	0 
19 	0x68b8	15 	15 	15 
20 	0x0000	0 	0 	0 
21 	0x0000	0 	0 	0 
22 	0x0000	0 	0 	0 
23 	0x0000	0 	0 	0 
24 	0x4b6c	6 	6 	6 
25 	0x0000	0 	0 	0 
26 	0x6ade	15 	15 	15 
27 	0x0000	0 	0 	0 
T 	2022-02-09 15:38:51	 344 	c1937 	 3003 
S

List 	First 	Count  	ArrayCount 	TraverseCount 
0 	0x5080	70 	70 	70 
1 	0x0000	0 	0 	0 
2 	0x45c2	1 	1 	1 
3 	0x45f4	1 	1 	1 
4 	0x0000	0 	0 	0 
5 	0x0000	0 	0 	0 
6 	0x0000	0 	0 	0 
7 	0x6a48	18 	18 	18 
8 	0x0000	0 	0 	0 
9 	0x0000	0 	0 	0 
10 	0x0000	0 	0 	0 
11 	0x0000	0 	0 	0 
12 	0x50e4	86 	86 	86 
13 	0x6980	1 	1 	1 
14 	0x5ef4	17 	17 	17 
15 	0x72ae	28 	28 	28 
16 	0x6f5c	1 	1 	1 
17 	0x49dc	1 	1 	1 
18 	0x0000	0 	0 	0 
19 	0x68b8	15 	15 	15 
20 	0x0000	0 	0 	0 
21 	0x0000	0 	0 	0 
22 	0x0000	0 	0 	0 
23 	0x0000	0 	0 	0 
24 	0x6d36	6 	6 	6 
25 	0x0000	0 	0 	0 
26 	0x6ade	15 	15 	15 
27 	0x0000	0 	0 	0 
T 	2022-02-09 15:39:13	 725 	c1937 	 3021 
S

List 	First 	Count  	ArrayCount 	TraverseCount 
0 	0x5dfa	64 	64 	64 
1 	0x0000	0 	0 	0 
2 	0x45c2	1 	1 	1 
3 	0x45f4	1 	1 	1 
4 	0x0000	0 	0 	0 
5 	0x0000	0 	0 	0 
6 	0x0000	0 	0 	0 
7 	0x4df6	20 	20 	20 
8 	0x0000	0 	0 	0 
9 	0x743e	1 	1 	1 
10 	0x0000	0 	0 	0 
11 	0x0000	0 	0 	0 
12 	0x5116	90 	90 	90 
13 	0x0000	0 	0 	0 
14 	0x6534	17 	17 	17 
15 	0x72ae	28 	28 	28 
16 	0x6f5c	1 	1 	1 
17 	0x49dc	1 	1 	1 
18 	0x0000	0 	0 	0 
19 	0x68b8	15 	15 	15 
20 	0x0000	0 	0 	0 
21 	0x0000	0 	0 	0 
22 	0x0000	0 	0 	0 
23 	0x0000	0 	0 	0 
24 	0x6a7a	6 	6 	6 
25 	0x0000	0 	0 	0 
26 	0x6ade	15 	15 	15 
27 	0x0000	0 	0 	0 
T 	2022-02-09 15:39:31	 551 	c1937 	 3042 
S

List 	First 	Count  	ArrayCount 	TraverseCount 
0 	0x5404	72 	72 	72 
1 	0x0000	0 	0 	0 
2 	0x45c2	1 	1 	1 
3 	0x45f4	1 	1 	1 
4 	0x0000	0 	0 	0 
5 	0x0000	0 	0 	0 
6 	0x0000	0 	0 	0 
7 	0x73da	19 	19 	19 
8 	0x0000	0 	0 	0 
9 	0x0000	0 	0 	0 
10 	0x0000	0 	0 	0 
11 	0x0000	0 	0 	0 
12 	0x4978	84 	84 	84 
13 	0x7632	1 	1 	1 
14 	0x5436	16 	16 	16 
15 	0x72ae	28 	28 	28 
16 	0x6f5c	1 	1 	1 
17 	0x49dc	1 	1 	1 
18 	0x0000	0 	0 	0 
19 	0x68b8	15 	15 	15 
20 	0x0000	0 	0 	0 
21 	0x0000	0 	0 	0 
22 	0x0000	0 	0 	0 
23 	0x0000	0 	0 	0 
24 	0x504e	6 	6 	6 
25 	0x0000	0 	0 	0 
26 	0x6ade	15 	15 	15 
27 	0x0000	0 	0 	0 
T 	2022-02-09 15:40:16	 666 	c1937 	 3063 
S

List 	First 	Count  	ArrayCount 	TraverseCount 
0 	0x5d32	161 	161 	161 
1 	0x0000	0 	0 	0 
2 	0x45c2	1 	1 	1 
3 	0x45f4	1 	1 	1 
4 	0x0000	0 	0 	0 
5 	0x0000	0 	0 	0 
6 	0x0000	0 	0 	0 
7 	0x6dcc	2 	2 	2 
8 	0x0000	0 	0 	0 
9 	0x6278	6 	6 	6 
10 	0x0000	0 	0 	0 
11 	0x0000	0 	0 	0 
12 	0x562a	6 	6 	6 
13 	0x630e	14 	14 	14 
14 	0x6ff2	2 	2 	2 
15 	0x72ae	28 	28 	28 
16 	0x6f5c	1 	1 	1 
17 	0x49dc	1 	1 	1 
18 	0x0000	0 	0 	0 
19 	0x68b8	15 	15 	15 
20 	0x0000	0 	0 	0 
21 	0x0000	0 	0 	0 
22 	0x0000	0 	0 	0 
23 	0x0000	0 	0 	0 
24 	0x5b0c	7 	7 	7 
25 	0x0000	0 	0 	0 
26 	0x6ade	15 	15 	15 
27 	0x0000	0 	0 	0 
T 	2022-02-09 15:45:55	 607 	c1937 	 3065 
S
