F 	Date            	Hmsec 	ID   	Event 

List 	First 	Count  	ArrayCount 	TraverseCount 
0 	0x4ad6	201 	201 	201 
1 	0x0000	0 	0 	0 
2 	0x45c2	1 	1 	1 
3 	0x45f4	1 	1 	1 
4 	0x0000	0 	0 	0 
5 	0x0000	0 	0 	0 
6 	0x0000	0 	0 	0 
7 	0x0000	0 	0 	0 
8 	0x0000	0 	0 	0 
9 	0x4c66	10 	10 	10 
10 	0x0000	0 	0 	0 
11 	0x0000	0 	0 	0 
12 	0x0000	0 	0 	0 
13 	0x7088	9 	9 	9 
14 	0x5210	1 	1 	1 
15 	0x4cfc	1 	1 	1 
16 	0x0000	0 	0 	0 
17 	0x0000	0 	0 	0 
18 	0x0000	0 	0 	0 
19 	0x6980	8 	8 	8 
20 	0x0000	0 	0 	0 
21 	0x0000	0 	0 	0 
22 	0x0000	0 	0 	0 
23 	0x0000	0 	0 	0 
24 	0x54fe	20 	20 	20 
25 	0x0000	0 	0 	0 
26 	0x69b2	8 	8 	8 
27 	0x0000	0 	0 	0 
T 	2022-02-04 09:15:45	 602 	c1935 	   81 
S

List 	First 	Count  	ArrayCount 	TraverseCount 
0 	0x50e4	72 	72 	72 
1 	0x0000	0 	0 	0 
2 	0x45c2	1 	1 	1 
3 	0x45f4	1 	1 	1 
4 	0x0000	0 	0 	0 
5 	0x0000	0 	0 	0 
6 	0x0000	0 	0 	0 
7 	0x5c9c	21 	21 	21 
8 	0x0000	0 	0 	0 
9 	0x4f54	6 	6 	6 
10 	0x0000	0 	0 	0 
11 	0x0000	0 	0 	0 
12 	0x54cc	97 	97 	97 
13 	0x549a	16 	16 	16 
14 	0x6c6e	21 	21 	21 
15 	0x4cfc	1 	1 	1 
16 	0x0000	0 	0 	0 
17 	0x0000	0 	0 	0 
18 	0x0000	0 	0 	0 
19 	0x6980	8 	8 	8 
20 	0x5d96	1 	1 	1 
21 	0x0000	0 	0 	0 
22 	0x0000	0 	0 	0 
23 	0x0000	0 	0 	0 
24 	0x4ad6	6 	6 	6 
25 	0x0000	0 	0 	0 
26 	0x69b2	8 	8 	8 
27 	0x5cce	1 	1 	1 
T 	2022-02-04 09:21:54	 996 	c1935 	  101 
S

List 	First 	Count  	ArrayCount 	TraverseCount 
0 	0x691c	70 	70 	70 
1 	0x0000	0 	0 	0 
2 	0x45c2	1 	1 	1 
3 	0x45f4	1 	1 	1 
4 	0x0000	0 	0 	0 
5 	0x0000	0 	0 	0 
6 	0x0000	0 	0 	0 
7 	0x662e	29 	29 	29 
8 	0x0000	0 	0 	0 
9 	0x5ada	1 	1 	1 
10 	0x0000	0 	0 	0 
11 	0x0000	0 	0 	0 
12 	0x5468	114 	114 	114 
13 	0x0000	0 	0 	0 
14 	0x4ef0	21 	21 	21 
15 	0x4cfc	1 	1 	1 
16 	0x0000	0 	0 	0 
17 	0x0000	0 	0 	0 
18 	0x0000	0 	0 	0 
19 	0x6980	8 	8 	8 
20 	0x0000	0 	0 	0 
21 	0x0000	0 	0 	0 
22 	0x0000	0 	0 	0 
23 	0x0000	0 	0 	0 
24 	0x7312	6 	6 	6 
25 	0x0000	0 	0 	0 
26 	0x69b2	8 	8 	8 
27 	0x0000	0 	0 	0 
T 	2022-02-04 09:22:59	 726 	c1935 	  132 
S

List 	First 	Count  	ArrayCount 	TraverseCount 
0 	0x5e90	75 	75 	75 
1 	0x0000	0 	0 	0 
2 	0x45c2	1 	1 	1 
3 	0x45f4	1 	1 	1 
4 	0x0000	0 	0 	0 
5 	0x0000	0 	0 	0 
6 	0x0000	0 	0 	0 
7 	0x5a76	18 	18 	18 
8 	0x0000	0 	0 	0 
9 	0x73a8	17 	17 	17 
10 	0x0000	0 	0 	0 
11 	0x0000	0 	0 	0 
12 	0x5080	62 	62 	62 
13 	0x549a	41 	41 	41 
14 	0x5594	18 	18 	18 
15 	0x4cfc	1 	1 	1 
16 	0x0000	0 	0 	0 
17 	0x0000	0 	0 	0 
18 	0x0000	0 	0 	0 
19 	0x6980	8 	8 	8 
20 	0x4cca	2 	2 	2 
21 	0x0000	0 	0 	0 
22 	0x0000	0 	0 	0 
23 	0x0000	0 	0 	0 
24 	0x54fe	6 	6 	6 
25 	0x0000	0 	0 	0 
26 	0x69b2	8 	8 	8 
27 	0x6ef8	2 	2 	2 
T 	2022-02-04 09:40:25	 708 	c1935 	  145 
S

List 	First 	Count  	ArrayCount 	TraverseCount 
0 	0x4ad6	75 	75 	75 
1 	0x0000	0 	0 	0 
2 	0x45c2	1 	1 	1 
3 	0x45f4	1 	1 	1 
4 	0x0000	0 	0 	0 
5 	0x0000	0 	0 	0 
6 	0x0000	0 	0 	0 
7 	0x66f6	3 	3 	3 
8 	0x0000	0 	0 	0 
9 	0x60e8	69 	69 	69 
10 	0x0000	0 	0 	0 
11 	0x0000	0 	0 	0 
12 	0x6566	3 	3 	3 
13 	0x4c34	82 	82 	82 
14 	0x581e	1 	1 	1 
15 	0x4cfc	1 	1 	1 
16 	0x0000	0 	0 	0 
17 	0x0000	0 	0 	0 
18 	0x0000	0 	0 	0 
19 	0x6980	8 	8 	8 
20 	0x6886	1 	1 	1 
21 	0x0000	0 	0 	0 
22 	0x0000	0 	0 	0 
23 	0x0000	0 	0 	0 
24 	0x6d9a	6 	6 	6 
25 	0x0000	0 	0 	0 
26 	0x69b2	8 	8 	8 
27 	0x691c	1 	1 	1 
T 	2022-02-04 10:50:23	 404 	c1935 	  146 
S

List 	First 	Count  	ArrayCount 	TraverseCount 
0 	0x724a	75 	75 	75 
1 	0x0000	0 	0 	0 
2 	0x45c2	1 	1 	1 
3 	0x45f4	1 	1 	1 
4 	0x0000	0 	0 	0 
5 	0x0000	0 	0 	0 
6 	0x0000	0 	0 	0 
7 	0x54cc	18 	18 	18 
8 	0x0000	0 	0 	0 
9 	0x4ad6	50 	50 	50 
10 	0x0000	0 	0 	0 
11 	0x0000	0 	0 	0 
12 	0x7506	16 	16 	16 
13 	0x62dc	58 	58 	58 
14 	0x6ade	6 	6 	6 
15 	0x4cfc	1 	1 	1 
16 	0x0000	0 	0 	0 
17 	0x0000	0 	0 	0 
18 	0x0000	0 	0 	0 
19 	0x6980	10 	10 	10 
20 	0x611a	4 	4 	4 
21 	0x0000	0 	0 	0 
22 	0x0000	0 	0 	0 
23 	0x0000	0 	0 	0 
24 	0x48b0	6 	6 	6 
25 	0x0000	0 	0 	0 
26 	0x69b2	10 	10 	10 
27 	0x6f2a	4 	4 	4 
T 	2022-02-04 11:40:01	 719 	c1935 	  150 
S

List 	First 	Count  	ArrayCount 	TraverseCount 
0 	0x58e6	75 	75 	75 
1 	0x0000	0 	0 	0 
2 	0x45c2	1 	1 	1 
3 	0x45f4	1 	1 	1 
4 	0x0000	0 	0 	0 
5 	0x0000	0 	0 	0 
6 	0x0000	0 	0 	0 
7 	0x4f86	15 	15 	15 
8 	0x0000	0 	0 	0 
9 	0x74d4	40 	40 	40 
10 	0x0000	0 	0 	0 
11 	0x0000	0 	0 	0 
12 	0x66c4	20 	20 	20 
13 	0x5bd4	62 	62 	62 
14 	0x49dc	7 	7 	7 
15 	0x4cfc	1 	1 	1 
16 	0x0000	0 	0 	0 
17 	0x0000	0 	0 	0 
18 	0x0000	0 	0 	0 
19 	0x6980	12 	12 	12 
20 	0x5dc8	4 	4 	4 
21 	0x0000	0 	0 	0 
22 	0x0000	0 	0 	0 
23 	0x0000	0 	0 	0 
24 	0x724a	6 	6 	6 
25 	0x0000	0 	0 	0 
26 	0x69b2	12 	12 	12 
27 	0x5274	4 	4 	4 
T 	2022-02-04 12:19:26	 641 	c1935 	  155 
S

List 	First 	Count  	ArrayCount 	TraverseCount 
0 	0x50e4	75 	75 	75 
1 	0x0000	0 	0 	0 
2 	0x45c2	1 	1 	1 
3 	0x45f4	1 	1 	1 
4 	0x0000	0 	0 	0 
5 	0x0000	0 	0 	0 
6 	0x0000	0 	0 	0 
7 	0x0000	0 	0 	0 
8 	0x0000	0 	0 	0 
9 	0x7056	59 	59 	59 
10 	0x0000	0 	0 	0 
11 	0x0000	0 	0 	0 
12 	0x0000	0 	0 	0 
13 	0x5d64	97 	97 	97 
14 	0x0000	0 	0 	0 
15 	0x4cfc	1 	1 	1 
16 	0x0000	0 	0 	0 
17 	0x0000	0 	0 	0 
18 	0x0000	0 	0 	0 
19 	0x6980	10 	10 	10 
20 	0x0000	0 	0 	0 
21 	0x0000	0 	0 	0 
22 	0x0000	0 	0 	0 
23 	0x0000	0 	0 	0 
24 	0x58e6	6 	6 	6 
25 	0x0000	0 	0 	0 
26 	0x69b2	10 	10 	10 
27 	0x0000	0 	0 	0 
T 	2022-02-04 13:18:32	 585 	c1935 	  155 
S

List 	First 	Count  	ArrayCount 	TraverseCount 
0 	0x5d00	75 	75 	75 
1 	0x0000	0 	0 	0 
2 	0x45c2	1 	1 	1 
3 	0x45f4	1 	1 	1 
4 	0x0000	0 	0 	0 
5 	0x0000	0 	0 	0 
6 	0x0000	0 	0 	0 
7 	0x5404	3 	3 	3 
8 	0x0000	0 	0 	0 
9 	0x71b4	48 	48 	48 
10 	0x0000	0 	0 	0 
11 	0x0000	0 	0 	0 
12 	0x6660	3 	3 	3 
13 	0x646c	101 	101 	101 
14 	0x5e5e	1 	1 	1 
15 	0x4cfc	1 	1 	1 
16 	0x0000	0 	0 	0 
17 	0x0000	0 	0 	0 
18 	0x0000	0 	0 	0 
19 	0x6980	9 	9 	9 
20 	0x6f5c	1 	1 	1 
21 	0x0000	0 	0 	0 
22 	0x0000	0 	0 	0 
23 	0x0000	0 	0 	0 
24 	0x50e4	6 	6 	6 
25 	0x0000	0 	0 	0 
26 	0x69b2	9 	9 	9 
27 	0x61b0	1 	1 	1 
T 	2022-02-04 14:06:49	 822 	c1935 	  156 
S

List 	First 	Count  	ArrayCount 	TraverseCount 
0 	0x6b74	75 	75 	75 
1 	0x0000	0 	0 	0 
2 	0x45c2	1 	1 	1 
3 	0x45f4	1 	1 	1 
4 	0x0000	0 	0 	0 
5 	0x0000	0 	0 	0 
6 	0x0000	0 	0 	0 
7 	0x0000	0 	0 	0 
8 	0x0000	0 	0 	0 
9 	0x487e	48 	48 	48 
10 	0x0000	0 	0 	0 
11 	0x0000	0 	0 	0 
12 	0x0000	0 	0 	0 
13 	0x5724	110 	110 	110 
14 	0x0000	0 	0 	0 
15 	0x4cfc	1 	1 	1 
16 	0x0000	0 	0 	0 
17 	0x0000	0 	0 	0 
18 	0x0000	0 	0 	0 
19 	0x6980	9 	9 	9 
20 	0x0000	0 	0 	0 
21 	0x0000	0 	0 	0 
22 	0x0000	0 	0 	0 
23 	0x0000	0 	0 	0 
24 	0x5d00	6 	6 	6 
25 	0x0000	0 	0 	0 
26 	0x69b2	9 	9 	9 
27 	0x0000	0 	0 	0 
T 	2022-02-04 14:54:34	 194 	c1935 	  156 
S

List 	First 	Count  	ArrayCount 	TraverseCount 
0 	0x66c4	75 	75 	75 
1 	0x0000	0 	0 	0 
2 	0x45c2	1 	1 	1 
3 	0x45f4	1 	1 	1 
4 	0x0000	0 	0 	0 
5 	0x0000	0 	0 	0 
6 	0x0000	0 	0 	0 
7 	0x0000	0 	0 	0 
8 	0x0000	0 	0 	0 
9 	0x4a0e	53 	53 	53 
10 	0x0000	0 	0 	0 
11 	0x0000	0 	0 	0 
12 	0x0000	0 	0 	0 
13 	0x60e8	107 	107 	107 
14 	0x0000	0 	0 	0 
15 	0x4cfc	1 	1 	1 
16 	0x0000	0 	0 	0 
17 	0x0000	0 	0 	0 
18 	0x0000	0 	0 	0 
19 	0x6980	8 	8 	8 
20 	0x0000	0 	0 	0 
21 	0x0000	0 	0 	0 
22 	0x0000	0 	0 	0 
23 	0x0000	0 	0 	0 
24 	0x6b74	6 	6 	6 
25 	0x0000	0 	0 	0 
26 	0x69b2	8 	8 	8 
27 	0x0000	0 	0 	0 
T 	2022-02-04 15:47:26	 620 	c1935 	  156 
S

List 	First 	Count  	ArrayCount 	TraverseCount 
0 	0x6ef8	75 	75 	75 
1 	0x0000	0 	0 	0 
2 	0x45c2	1 	1 	1 
3 	0x45f4	1 	1 	1 
4 	0x0000	0 	0 	0 
5 	0x0000	0 	0 	0 
6 	0x0000	0 	0 	0 
7 	0x0000	0 	0 	0 
8 	0x0000	0 	0 	0 
9 	0x6c0a	67 	67 	67 
10 	0x0000	0 	0 	0 
11 	0x0000	0 	0 	0 
12 	0x0000	0 	0 	0 
13 	0x5a76	93 	93 	93 
14 	0x0000	0 	0 	0 
15 	0x4cfc	1 	1 	1 
16 	0x0000	0 	0 	0 
17 	0x0000	0 	0 	0 
18 	0x0000	0 	0 	0 
19 	0x6980	8 	8 	8 
20 	0x0000	0 	0 	0 
21 	0x0000	0 	0 	0 
22 	0x0000	0 	0 	0 
23 	0x0000	0 	0 	0 
24 	0x66c4	6 	6 	6 
25 	0x0000	0 	0 	0 
26 	0x69b2	8 	8 	8 
27 	0x0000	0 	0 	0 
T 	2022-02-04 16:55:01	 544 	c1935 	  156 
S

List 	First 	Count  	ArrayCount 	TraverseCount 
0 	0x4fea	75 	75 	75 
1 	0x0000	0 	0 	0 
2 	0x45c2	1 	1 	1 
3 	0x45f4	1 	1 	1 
4 	0x0000	0 	0 	0 
5 	0x0000	0 	0 	0 
6 	0x0000	0 	0 	0 
7 	0x0000	0 	0 	0 
8 	0x0000	0 	0 	0 
9 	0x4978	77 	77 	77 
10 	0x0000	0 	0 	0 
11 	0x0000	0 	0 	0 
12 	0x0000	0 	0 	0 
13 	0x5aa8	83 	83 	83 
14 	0x0000	0 	0 	0 
15 	0x4cfc	1 	1 	1 
16 	0x0000	0 	0 	0 
17 	0x0000	0 	0 	0 
18 	0x0000	0 	0 	0 
19 	0x6980	8 	8 	8 
20 	0x0000	0 	0 	0 
21 	0x0000	0 	0 	0 
22 	0x0000	0 	0 	0 
23 	0x0000	0 	0 	0 
24 	0x6ef8	6 	6 	6 
25 	0x0000	0 	0 	0 
26 	0x69b2	8 	8 	8 
27 	0x0000	0 	0 	0 
T 	2022-02-04 18:11:32	 625 	c1935 	  156 
S

List 	First 	Count  	ArrayCount 	TraverseCount 
0 	0x6d68	75 	75 	75 
1 	0x0000	0 	0 	0 
2 	0x45c2	1 	1 	1 
3 	0x45f4	1 	1 	1 
4 	0x0000	0 	0 	0 
5 	0x0000	0 	0 	0 
6 	0x0000	0 	0 	0 
7 	0x0000	0 	0 	0 
8 	0x0000	0 	0 	0 
9 	0x4e8c	64 	64 	64 
10 	0x0000	0 	0 	0 
11 	0x0000	0 	0 	0 
12 	0x0000	0 	0 	0 
13 	0x504e	96 	96 	96 
14 	0x0000	0 	0 	0 
15 	0x4cfc	1 	1 	1 
16 	0x0000	0 	0 	0 
17 	0x0000	0 	0 	0 
18 	0x0000	0 	0 	0 
19 	0x6980	8 	8 	8 
20 	0x0000	0 	0 	0 
21 	0x0000	0 	0 	0 
22 	0x0000	0 	0 	0 
23 	0x0000	0 	0 	0 
24 	0x4fea	6 	6 	6 
25 	0x0000	0 	0 	0 
26 	0x69b2	8 	8 	8 
27 	0x0000	0 	0 	0 
T 	2022-02-04 19:15:55	 413 	c1935 	  156 
S

List 	First 	Count  	ArrayCount 	TraverseCount 
0 	0x46ee	75 	75 	75 
1 	0x0000	0 	0 	0 
2 	0x45c2	1 	1 	1 
3 	0x45f4	1 	1 	1 
4 	0x0000	0 	0 	0 
5 	0x0000	0 	0 	0 
6 	0x0000	0 	0 	0 
7 	0x0000	0 	0 	0 
8 	0x0000	0 	0 	0 
9 	0x6566	69 	69 	69 
10 	0x0000	0 	0 	0 
11 	0x0000	0 	0 	0 
12 	0x0000	0 	0 	0 
13 	0x61b0	91 	91 	91 
14 	0x0000	0 	0 	0 
15 	0x4cfc	1 	1 	1 
16 	0x0000	0 	0 	0 
17 	0x0000	0 	0 	0 
18 	0x0000	0 	0 	0 
19 	0x6980	8 	8 	8 
20 	0x0000	0 	0 	0 
21 	0x0000	0 	0 	0 
22 	0x0000	0 	0 	0 
23 	0x0000	0 	0 	0 
24 	0x6d68	6 	6 	6 
25 	0x0000	0 	0 	0 
26 	0x69b2	8 	8 	8 
27 	0x0000	0 	0 	0 
T 	2022-02-04 20:24:26	 634 	c1935 	  156 
S

List 	First 	Count  	ArrayCount 	TraverseCount 
0 	0x5756	75 	75 	75 
1 	0x0000	0 	0 	0 
2 	0x45c2	1 	1 	1 
3 	0x45f4	1 	1 	1 
4 	0x0000	0 	0 	0 
5 	0x0000	0 	0 	0 
6 	0x0000	0 	0 	0 
7 	0x0000	0 	0 	0 
8 	0x0000	0 	0 	0 
9 	0x64d0	68 	68 	68 
10 	0x0000	0 	0 	0 
11 	0x0000	0 	0 	0 
12 	0x0000	0 	0 	0 
13 	0x4f22	92 	92 	92 
14 	0x0000	0 	0 	0 
15 	0x4cfc	1 	1 	1 
16 	0x0000	0 	0 	0 
17 	0x0000	0 	0 	0 
18 	0x0000	0 	0 	0 
19 	0x6980	8 	8 	8 
20 	0x0000	0 	0 	0 
21 	0x0000	0 	0 	0 
22 	0x0000	0 	0 	0 
23 	0x0000	0 	0 	0 
24 	0x46ee	6 	6 	6 
25 	0x0000	0 	0 	0 
26 	0x69b2	8 	8 	8 
27 	0x0000	0 	0 	0 
T 	2022-02-04 21:32:26	 643 	c1935 	  156 
S

List 	First 	Count  	ArrayCount 	TraverseCount 
0 	0x5e5e	75 	75 	75 
1 	0x0000	0 	0 	0 
2 	0x45c2	1 	1 	1 
3 	0x45f4	1 	1 	1 
4 	0x0000	0 	0 	0 
5 	0x0000	0 	0 	0 
6 	0x0000	0 	0 	0 
7 	0x0000	0 	0 	0 
8 	0x0000	0 	0 	0 
9 	0x53a0	68 	68 	68 
10 	0x0000	0 	0 	0 
11 	0x0000	0 	0 	0 
12 	0x0000	0 	0 	0 
13 	0x6502	92 	92 	92 
14 	0x0000	0 	0 	0 
15 	0x4cfc	1 	1 	1 
16 	0x0000	0 	0 	0 
17 	0x0000	0 	0 	0 
18 	0x0000	0 	0 	0 
19 	0x6980	8 	8 	8 
20 	0x0000	0 	0 	0 
21 	0x0000	0 	0 	0 
22 	0x0000	0 	0 	0 
23 	0x0000	0 	0 	0 
24 	0x5756	6 	6 	6 
25 	0x0000	0 	0 	0 
26 	0x69b2	8 	8 	8 
27 	0x0000	0 	0 	0 
T 	2022-02-04 22:40:26	 621 	c1935 	  156 
S

List 	First 	Count  	ArrayCount 	TraverseCount 
0 	0x597c	75 	75 	75 
1 	0x0000	0 	0 	0 
2 	0x45c2	1 	1 	1 
3 	0x45f4	1 	1 	1 
4 	0x0000	0 	0 	0 
5 	0x0000	0 	0 	0 
6 	0x0000	0 	0 	0 
7 	0x0000	0 	0 	0 
8 	0x0000	0 	0 	0 
9 	0x7088	73 	73 	73 
10 	0x0000	0 	0 	0 
11 	0x0000	0 	0 	0 
12 	0x0000	0 	0 	0 
13 	0x6b10	87 	87 	87 
14 	0x0000	0 	0 	0 
15 	0x4cfc	1 	1 	1 
16 	0x0000	0 	0 	0 
17 	0x0000	0 	0 	0 
18 	0x0000	0 	0 	0 
19 	0x6980	8 	8 	8 
20 	0x0000	0 	0 	0 
21 	0x0000	0 	0 	0 
22 	0x0000	0 	0 	0 
23 	0x0000	0 	0 	0 
24 	0x5e5e	6 	6 	6 
25 	0x0000	0 	0 	0 
26 	0x69b2	8 	8 	8 
27 	0x0000	0 	0 	0 
T 	2022-02-04 23:53:26	 604 	c1935 	  156 
S

List 	First 	Count  	ArrayCount 	TraverseCount 
0 	0x4e5a	75 	75 	75 
1 	0x0000	0 	0 	0 
2 	0x45c2	1 	1 	1 
3 	0x45f4	1 	1 	1 
4 	0x0000	0 	0 	0 
5 	0x0000	0 	0 	0 
6 	0x0000	0 	0 	0 
7 	0x0000	0 	0 	0 
8 	0x0000	0 	0 	0 
9 	0x455e	73 	73 	73 
10 	0x0000	0 	0 	0 
11 	0x0000	0 	0 	0 
12 	0x0000	0 	0 	0 
13 	0x481a	87 	87 	87 
14 	0x0000	0 	0 	0 
15 	0x4cfc	1 	1 	1 
16 	0x0000	0 	0 	0 
17 	0x0000	0 	0 	0 
18 	0x0000	0 	0 	0 
19 	0x6980	8 	8 	8 
20 	0x0000	0 	0 	0 
21 	0x0000	0 	0 	0 
22 	0x0000	0 	0 	0 
23 	0x0000	0 	0 	0 
24 	0x597c	6 	6 	6 
25 	0x0000	0 	0 	0 
26 	0x69b2	8 	8 	8 
27 	0x0000	0 	0 	0 
T 	2022-02-05 01:06:26	 606 	c1935 	  156 
S

List 	First 	Count  	ArrayCount 	TraverseCount 
0 	0x643a	75 	75 	75 
1 	0x0000	0 	0 	0 
2 	0x45c2	1 	1 	1 
3 	0x45f4	1 	1 	1 
4 	0x0000	0 	0 	0 
5 	0x0000	0 	0 	0 
6 	0x0000	0 	0 	0 
7 	0x0000	0 	0 	0 
8 	0x0000	0 	0 	0 
9 	0x4a0e	72 	72 	72 
10 	0x0000	0 	0 	0 
11 	0x0000	0 	0 	0 
12 	0x0000	0 	0 	0 
13 	0x4400	88 	88 	88 
14 	0x0000	0 	0 	0 
15 	0x4cfc	1 	1 	1 
16 	0x0000	0 	0 	0 
17 	0x0000	0 	0 	0 
18 	0x0000	0 	0 	0 
19 	0x6980	8 	8 	8 
20 	0x0000	0 	0 	0 
21 	0x0000	0 	0 	0 
22 	0x0000	0 	0 	0 
23 	0x0000	0 	0 	0 
24 	0x4e5a	6 	6 	6 
25 	0x0000	0 	0 	0 
26 	0x69b2	8 	8 	8 
27 	0x0000	0 	0 	0 
T 	2022-02-05 02:19:01	 633 	c1935 	  156 
S

List 	First 	Count  	ArrayCount 	TraverseCount 
0 	0x6660	75 	75 	75 
1 	0x0000	0 	0 	0 
2 	0x45c2	1 	1 	1 
3 	0x45f4	1 	1 	1 
4 	0x0000	0 	0 	0 
5 	0x0000	0 	0 	0 
6 	0x0000	0 	0 	0 
7 	0x0000	0 	0 	0 
8 	0x0000	0 	0 	0 
9 	0x4432	71 	71 	71 
10 	0x0000	0 	0 	0 
11 	0x0000	0 	0 	0 
12 	0x0000	0 	0 	0 
13 	0x4914	89 	89 	89 
14 	0x0000	0 	0 	0 
15 	0x4cfc	1 	1 	1 
16 	0x0000	0 	0 	0 
17 	0x0000	0 	0 	0 
18 	0x0000	0 	0 	0 
19 	0x6980	8 	8 	8 
20 	0x0000	0 	0 	0 
21 	0x0000	0 	0 	0 
22 	0x0000	0 	0 	0 
23 	0x0000	0 	0 	0 
24 	0x643a	6 	6 	6 
25 	0x0000	0 	0 	0 
26 	0x69b2	8 	8 	8 
27 	0x0000	0 	0 	0 
T 	2022-02-05 03:30:01	 627 	c1935 	  156 
S

List 	First 	Count  	ArrayCount 	TraverseCount 
0 	0x4f22	75 	75 	75 
1 	0x0000	0 	0 	0 
2 	0x45c2	1 	1 	1 
3 	0x45f4	1 	1 	1 
4 	0x0000	0 	0 	0 
5 	0x0000	0 	0 	0 
6 	0x0000	0 	0 	0 
7 	0x0000	0 	0 	0 
8 	0x0000	0 	0 	0 
9 	0x54cc	78 	78 	78 
10 	0x0000	0 	0 	0 
11 	0x0000	0 	0 	0 
12 	0x0000	0 	0 	0 
13 	0x50e4	82 	82 	82 
14 	0x0000	0 	0 	0 
15 	0x4cfc	1 	1 	1 
16 	0x0000	0 	0 	0 
17 	0x0000	0 	0 	0 
18 	0x0000	0 	0 	0 
19 	0x6980	8 	8 	8 
20 	0x0000	0 	0 	0 
21 	0x0000	0 	0 	0 
22 	0x0000	0 	0 	0 
23 	0x0000	0 	0 	0 
24 	0x6660	6 	6 	6 
25 	0x0000	0 	0 	0 
26 	0x69b2	8 	8 	8 
27 	0x0000	0 	0 	0 
T 	2022-02-05 04:47:26	 602 	c1935 	  156 
S

List 	First 	Count  	ArrayCount 	TraverseCount 
0 	0x4496	75 	75 	75 
1 	0x0000	0 	0 	0 
2 	0x45c2	1 	1 	1 
3 	0x45f4	1 	1 	1 
4 	0x0000	0 	0 	0 
5 	0x0000	0 	0 	0 
6 	0x0000	0 	0 	0 
7 	0x0000	0 	0 	0 
8 	0x0000	0 	0 	0 
9 	0x4ef0	79 	79 	79 
10 	0x0000	0 	0 	0 
11 	0x0000	0 	0 	0 
12 	0x0000	0 	0 	0 
13 	0x5562	81 	81 	81 
14 	0x0000	0 	0 	0 
15 	0x4cfc	1 	1 	1 
16 	0x0000	0 	0 	0 
17 	0x0000	0 	0 	0 
18 	0x0000	0 	0 	0 
19 	0x6980	8 	8 	8 
20 	0x0000	0 	0 	0 
21 	0x0000	0 	0 	0 
22 	0x0000	0 	0 	0 
23 	0x0000	0 	0 	0 
24 	0x4f22	6 	6 	6 
25 	0x0000	0 	0 	0 
26 	0x69b2	8 	8 	8 
27 	0x0000	0 	0 	0 
T 	2022-02-05 06:06:26	 626 	c1935 	  156 
S

List 	First 	Count  	ArrayCount 	TraverseCount 
0 	0x4590	75 	75 	75 
1 	0x0000	0 	0 	0 
2 	0x45c2	1 	1 	1 
3 	0x45f4	1 	1 	1 
4 	0x0000	0 	0 	0 
5 	0x0000	0 	0 	0 
6 	0x0000	0 	0 	0 
7 	0x0000	0 	0 	0 
8 	0x0000	0 	0 	0 
9 	0x6052	79 	79 	79 
10 	0x0000	0 	0 	0 
11 	0x0000	0 	0 	0 
12 	0x0000	0 	0 	0 
13 	0x72e0	81 	81 	81 
14 	0x0000	0 	0 	0 
15 	0x4cfc	1 	1 	1 
16 	0x0000	0 	0 	0 
17 	0x0000	0 	0 	0 
18 	0x0000	0 	0 	0 
19 	0x6980	8 	8 	8 
20 	0x0000	0 	0 	0 
21 	0x0000	0 	0 	0 
22 	0x0000	0 	0 	0 
23 	0x0000	0 	0 	0 
24 	0x4496	6 	6 	6 
25 	0x0000	0 	0 	0 
26 	0x69b2	8 	8 	8 
27 	0x0000	0 	0 	0 
T 	2022-02-05 07:25:26	 648 	c1935 	  156 
S

List 	First 	Count  	ArrayCount 	TraverseCount 
0 	0x6566	75 	75 	75 
1 	0x0000	0 	0 	0 
2 	0x45c2	1 	1 	1 
3 	0x45f4	1 	1 	1 
4 	0x0000	0 	0 	0 
5 	0x0000	0 	0 	0 
6 	0x0000	0 	0 	0 
7 	0x0000	0 	0 	0 
8 	0x0000	0 	0 	0 
9 	0x5b0c	79 	79 	79 
10 	0x0000	0 	0 	0 
11 	0x0000	0 	0 	0 
12 	0x0000	0 	0 	0 
13 	0x7312	81 	81 	81 
14 	0x0000	0 	0 	0 
15 	0x4cfc	1 	1 	1 
16 	0x0000	0 	0 	0 
17 	0x0000	0 	0 	0 
18 	0x0000	0 	0 	0 
19 	0x6980	8 	8 	8 
20 	0x0000	0 	0 	0 
21 	0x0000	0 	0 	0 
22 	0x0000	0 	0 	0 
23 	0x0000	0 	0 	0 
24 	0x4590	6 	6 	6 
25 	0x0000	0 	0 	0 
26 	0x69b2	8 	8 	8 
27 	0x0000	0 	0 	0 
T 	2022-02-05 08:44:26	 587 	c1935 	  156 
S

List 	First 	Count  	ArrayCount 	TraverseCount 
0 	0x6340	75 	75 	75 
1 	0x0000	0 	0 	0 
2 	0x45c2	1 	1 	1 
3 	0x45f4	1 	1 	1 
4 	0x0000	0 	0 	0 
5 	0x0000	0 	0 	0 
6 	0x0000	0 	0 	0 
7 	0x4a40	2 	2 	2 
8 	0x0000	0 	0 	0 
9 	0x4e28	64 	64 	64 
10 	0x0000	0 	0 	0 
11 	0x0000	0 	0 	0 
12 	0x7696	3 	3 	3 
13 	0x6b74	88 	88 	88 
14 	0x53a0	1 	1 	1 
15 	0x4cfc	1 	1 	1 
16 	0x0000	0 	0 	0 
17 	0x0000	0 	0 	0 
18 	0x0000	0 	0 	0 
19 	0x6980	8 	8 	8 
20 	0x7218	1 	1 	1 
21 	0x0000	0 	0 	0 
22 	0x0000	0 	0 	0 
23 	0x0000	0 	0 	0 
24 	0x6566	6 	6 	6 
25 	0x0000	0 	0 	0 
26 	0x69b2	8 	8 	8 
27 	0x4658	1 	1 	1 
T 	2022-02-05 09:49:15	 804 	c1935 	  157 
S

List 	First 	Count  	ArrayCount 	TraverseCount 
0 	0x6084	75 	75 	75 
1 	0x0000	0 	0 	0 
2 	0x45c2	1 	1 	1 
3 	0x45f4	1 	1 	1 
4 	0x0000	0 	0 	0 
5 	0x0000	0 	0 	0 
6 	0x0000	0 	0 	0 
7 	0x7600	12 	12 	12 
8 	0x0000	0 	0 	0 
9 	0x5882	47 	47 	47 
10 	0x0000	0 	0 	0 
11 	0x0000	0 	0 	0 
12 	0x64d0	15 	15 	15 
13 	0x6fc0	75 	75 	75 
14 	0x7344	3 	3 	3 
15 	0x4cfc	1 	1 	1 
16 	0x0000	0 	0 	0 
17 	0x0000	0 	0 	0 
18 	0x0000	0 	0 	0 
19 	0x6980	9 	9 	9 
20 	0x5756	3 	3 	3 
21 	0x0000	0 	0 	0 
22 	0x0000	0 	0 	0 
23 	0x0000	0 	0 	0 
24 	0x6020	6 	6 	6 
25 	0x0000	0 	0 	0 
26 	0x69b2	9 	9 	9 
27 	0x7470	3 	3 	3 
T 	2022-02-05 10:36:00	 695 	c1935 	  160 
S

List 	First 	Count  	ArrayCount 	TraverseCount 
0 	0x630e	75 	75 	75 
1 	0x0000	0 	0 	0 
2 	0x45c2	1 	1 	1 
3 	0x45f4	1 	1 	1 
4 	0x0000	0 	0 	0 
5 	0x0000	0 	0 	0 
6 	0x0000	0 	0 	0 
7 	0x0000	0 	0 	0 
8 	0x0000	0 	0 	0 
9 	0x5a12	59 	59 	59 
10 	0x0000	0 	0 	0 
11 	0x0000	0 	0 	0 
12 	0x0000	0 	0 	0 
13 	0x66c4	99 	99 	99 
14 	0x0000	0 	0 	0 
15 	0x4cfc	1 	1 	1 
16 	0x0000	0 	0 	0 
17 	0x0000	0 	0 	0 
18 	0x0000	0 	0 	0 
19 	0x6980	9 	9 	9 
20 	0x0000	0 	0 	0 
21 	0x0000	0 	0 	0 
22 	0x0000	0 	0 	0 
23 	0x0000	0 	0 	0 
24 	0x6084	6 	6 	6 
25 	0x0000	0 	0 	0 
26 	0x69b2	9 	9 	9 
27 	0x0000	0 	0 	0 
T 	2022-02-05 11:34:26	 639 	c1935 	  160 
S

List 	First 	Count  	ArrayCount 	TraverseCount 
0 	0x5d00	75 	75 	75 
1 	0x0000	0 	0 	0 
2 	0x45c2	1 	1 	1 
3 	0x45f4	1 	1 	1 
4 	0x0000	0 	0 	0 
5 	0x0000	0 	0 	0 
6 	0x0000	0 	0 	0 
7 	0x49dc	8 	8 	8 
8 	0x0000	0 	0 	0 
9 	0x724a	56 	56 	56 
10 	0x0000	0 	0 	0 
11 	0x0000	0 	0 	0 
12 	0x6e62	5 	5 	5 
13 	0x61e2	90 	90 	90 
14 	0x6ef8	1 	1 	1 
15 	0x4cfc	1 	1 	1 
16 	0x0000	0 	0 	0 
17 	0x0000	0 	0 	0 
18 	0x0000	0 	0 	0 
19 	0x6980	7 	7 	7 
20 	0x52a6	1 	1 	1 
21 	0x0000	0 	0 	0 
22 	0x0000	0 	0 	0 
23 	0x0000	0 	0 	0 
24 	0x630e	6 	6 	6 
25 	0x0000	0 	0 	0 
26 	0x69b2	7 	7 	7 
27 	0x67f0	1 	1 	1 
T 	2022-02-05 12:30:26	 645 	c1935 	  161 
S

List 	First 	Count  	ArrayCount 	TraverseCount 
0 	0x504e	75 	75 	75 
1 	0x0000	0 	0 	0 
2 	0x45c2	1 	1 	1 
3 	0x45f4	1 	1 	1 
4 	0x0000	0 	0 	0 
5 	0x0000	0 	0 	0 
6 	0x0000	0 	0 	0 
7 	0x5594	7 	7 	7 
8 	0x0000	0 	0 	0 
9 	0x4b9e	50 	50 	50 
10 	0x0000	0 	0 	0 
11 	0x0000	0 	0 	0 
12 	0x6372	3 	3 	3 
13 	0x549a	97 	97 	97 
14 	0x71e6	1 	1 	1 
15 	0x4cfc	1 	1 	1 
16 	0x0000	0 	0 	0 
17 	0x0000	0 	0 	0 
18 	0x0000	0 	0 	0 
19 	0x6980	8 	8 	8 
20 	0x54cc	1 	1 	1 
21 	0x0000	0 	0 	0 
22 	0x0000	0 	0 	0 
23 	0x0000	0 	0 	0 
24 	0x5d00	6 	6 	6 
25 	0x0000	0 	0 	0 
26 	0x69b2	8 	8 	8 
27 	0x6502	1 	1 	1 
T 	2022-02-05 13:20:42	 178 	c1935 	  162 
S

List 	First 	Count  	ArrayCount 	TraverseCount 
0 	0x58e6	75 	75 	75 
1 	0x0000	0 	0 	0 
2 	0x45c2	1 	1 	1 
3 	0x45f4	1 	1 	1 
4 	0x0000	0 	0 	0 
5 	0x0000	0 	0 	0 
6 	0x0000	0 	0 	0 
7 	0x0000	0 	0 	0 
8 	0x0000	0 	0 	0 
9 	0x4a72	50 	50 	50 
10 	0x0000	0 	0 	0 
11 	0x0000	0 	0 	0 
12 	0x0000	0 	0 	0 
13 	0x694e	112 	112 	112 
14 	0x0000	0 	0 	0 
15 	0x4cfc	1 	1 	1 
16 	0x0000	0 	0 	0 
17 	0x0000	0 	0 	0 
18 	0x0000	0 	0 	0 
19 	0x6980	7 	7 	7 
20 	0x0000	0 	0 	0 
21 	0x0000	0 	0 	0 
22 	0x0000	0 	0 	0 
23 	0x0000	0 	0 	0 
24 	0x504e	6 	6 	6 
25 	0x0000	0 	0 	0 
26 	0x69b2	7 	7 	7 
27 	0x0000	0 	0 	0 
T 	2022-02-05 14:10:31	 806 	c1935 	  162 
S

List 	First 	Count  	ArrayCount 	TraverseCount 
0 	0x6b10	75 	75 	75 
1 	0x0000	0 	0 	0 
2 	0x45c2	1 	1 	1 
3 	0x45f4	1 	1 	1 
4 	0x0000	0 	0 	0 
5 	0x0000	0 	0 	0 
6 	0x0000	0 	0 	0 
7 	0x0000	0 	0 	0 
8 	0x0000	0 	0 	0 
9 	0x4784	65 	65 	65 
10 	0x0000	0 	0 	0 
11 	0x0000	0 	0 	0 
12 	0x0000	0 	0 	0 
13 	0x6aac	97 	97 	97 
14 	0x0000	0 	0 	0 
15 	0x4cfc	1 	1 	1 
16 	0x0000	0 	0 	0 
17 	0x0000	0 	0 	0 
18 	0x0000	0 	0 	0 
19 	0x6980	7 	7 	7 
20 	0x0000	0 	0 	0 
21 	0x0000	0 	0 	0 
22 	0x0000	0 	0 	0 
23 	0x0000	0 	0 	0 
24 	0x58e6	6 	6 	6 
25 	0x0000	0 	0 	0 
26 	0x69b2	7 	7 	7 
27 	0x0000	0 	0 	0 
T 	2022-02-05 15:16:01	 417 	c1935 	  162 
S

List 	First 	Count  	ArrayCount 	TraverseCount 
0 	0x4dc4	75 	75 	75 
1 	0x0000	0 	0 	0 
2 	0x45c2	1 	1 	1 
3 	0x45f4	1 	1 	1 
4 	0x0000	0 	0 	0 
5 	0x0000	0 	0 	0 
6 	0x0000	0 	0 	0 
7 	0x0000	0 	0 	0 
8 	0x0000	0 	0 	0 
9 	0x6bd8	41 	41 	41 
10 	0x0000	0 	0 	0 
11 	0x0000	0 	0 	0 
12 	0x0000	0 	0 	0 
13 	0x6cd2	121 	121 	121 
14 	0x0000	0 	0 	0 
15 	0x4cfc	1 	1 	1 
16 	0x0000	0 	0 	0 
17 	0x0000	0 	0 	0 
18 	0x0000	0 	0 	0 
19 	0x6980	7 	7 	7 
20 	0x0000	0 	0 	0 
21 	0x0000	0 	0 	0 
22 	0x0000	0 	0 	0 
23 	0x0000	0 	0 	0 
24 	0x6b10	6 	6 	6 
25 	0x0000	0 	0 	0 
26 	0x69b2	7 	7 	7 
27 	0x0000	0 	0 	0 
T 	2022-02-05 15:56:26	 650 	c1935 	  162 
S

List 	First 	Count  	ArrayCount 	TraverseCount 
0 	0x7150	75 	75 	75 
1 	0x0000	0 	0 	0 
2 	0x45c2	1 	1 	1 
3 	0x45f4	1 	1 	1 
4 	0x0000	0 	0 	0 
5 	0x0000	0 	0 	0 
6 	0x0000	0 	0 	0 
7 	0x0000	0 	0 	0 
8 	0x0000	0 	0 	0 
9 	0x452c	65 	65 	65 
10 	0x0000	0 	0 	0 
11 	0x0000	0 	0 	0 
12 	0x0000	0 	0 	0 
13 	0x61b0	97 	97 	97 
14 	0x0000	0 	0 	0 
15 	0x4cfc	1 	1 	1 
16 	0x0000	0 	0 	0 
17 	0x0000	0 	0 	0 
18 	0x0000	0 	0 	0 
19 	0x6980	7 	7 	7 
20 	0x0000	0 	0 	0 
21 	0x0000	0 	0 	0 
22 	0x0000	0 	0 	0 
23 	0x0000	0 	0 	0 
24 	0x4dc4	6 	6 	6 
25 	0x0000	0 	0 	0 
26 	0x69b2	7 	7 	7 
27 	0x0000	0 	0 	0 
T 	2022-02-05 17:01:26	 624 	c1935 	  162 
S

List 	First 	Count  	ArrayCount 	TraverseCount 
0 	0x60e8	75 	75 	75 
1 	0x0000	0 	0 	0 
2 	0x45c2	1 	1 	1 
3 	0x45f4	1 	1 	1 
4 	0x0000	0 	0 	0 
5 	0x0000	0 	0 	0 
6 	0x0000	0 	0 	0 
7 	0x0000	0 	0 	0 
8 	0x0000	0 	0 	0 
9 	0x6c3c	60 	60 	60 
10 	0x0000	0 	0 	0 
11 	0x0000	0 	0 	0 
12 	0x0000	0 	0 	0 
13 	0x6d04	102 	102 	102 
14 	0x0000	0 	0 	0 
15 	0x4cfc	1 	1 	1 
16 	0x0000	0 	0 	0 
17 	0x0000	0 	0 	0 
18 	0x0000	0 	0 	0 
19 	0x6980	7 	7 	7 
20 	0x0000	0 	0 	0 
21 	0x0000	0 	0 	0 
22 	0x0000	0 	0 	0 
23 	0x0000	0 	0 	0 
24 	0x7150	6 	6 	6 
25 	0x0000	0 	0 	0 
26 	0x69b2	7 	7 	7 
27 	0x0000	0 	0 	0 
T 	2022-02-05 18:02:20	 585 	c1935 	  162 
S

List 	First 	Count  	ArrayCount 	TraverseCount 
0 	0x5788	75 	75 	75 
1 	0x0000	0 	0 	0 
2 	0x45c2	1 	1 	1 
3 	0x45f4	1 	1 	1 
4 	0x0000	0 	0 	0 
5 	0x0000	0 	0 	0 
6 	0x0000	0 	0 	0 
7 	0x0000	0 	0 	0 
8 	0x0000	0 	0 	0 
9 	0x57ec	54 	54 	54 
10 	0x0000	0 	0 	0 
11 	0x0000	0 	0 	0 
12 	0x0000	0 	0 	0 
13 	0x581e	108 	108 	108 
14 	0x0000	0 	0 	0 
15 	0x4cfc	1 	1 	1 
16 	0x0000	0 	0 	0 
17 	0x0000	0 	0 	0 
18 	0x0000	0 	0 	0 
19 	0x6980	7 	7 	7 
20 	0x0000	0 	0 	0 
21 	0x0000	0 	0 	0 
22 	0x0000	0 	0 	0 
23 	0x0000	0 	0 	0 
24 	0x5918	6 	6 	6 
25 	0x0000	0 	0 	0 
26 	0x69b2	7 	7 	7 
27 	0x0000	0 	0 	0 
T 	2022-02-05 18:55:26	 632 	c1935 	  162 
S

List 	First 	Count  	ArrayCount 	TraverseCount 
0 	0x6ade	75 	75 	75 
1 	0x0000	0 	0 	0 
2 	0x45c2	1 	1 	1 
3 	0x45f4	1 	1 	1 
4 	0x0000	0 	0 	0 
5 	0x0000	0 	0 	0 
6 	0x0000	0 	0 	0 
7 	0x0000	0 	0 	0 
8 	0x0000	0 	0 	0 
9 	0x6084	44 	44 	44 
10 	0x0000	0 	0 	0 
11 	0x0000	0 	0 	0 
12 	0x0000	0 	0 	0 
13 	0x51ac	118 	118 	118 
14 	0x0000	0 	0 	0 
15 	0x4cfc	1 	1 	1 
16 	0x0000	0 	0 	0 
17 	0x0000	0 	0 	0 
18 	0x0000	0 	0 	0 
19 	0x6980	7 	7 	7 
20 	0x0000	0 	0 	0 
21 	0x0000	0 	0 	0 
22 	0x0000	0 	0 	0 
23 	0x0000	0 	0 	0 
24 	0x5788	6 	6 	6 
25 	0x0000	0 	0 	0 
26 	0x69b2	7 	7 	7 
27 	0x0000	0 	0 	0 
T 	2022-02-05 19:39:45	1012 	c1935 	  162 
S

List 	First 	Count  	ArrayCount 	TraverseCount 
0 	0x4914	75 	75 	75 
1 	0x0000	0 	0 	0 
2 	0x45c2	1 	1 	1 
3 	0x45f4	1 	1 	1 
4 	0x0000	0 	0 	0 
5 	0x0000	0 	0 	0 
6 	0x0000	0 	0 	0 
7 	0x0000	0 	0 	0 
8 	0x0000	0 	0 	0 
9 	0x5a76	46 	46 	46 
10 	0x0000	0 	0 	0 
11 	0x0000	0 	0 	0 
12 	0x0000	0 	0 	0 
13 	0x50e4	116 	116 	116 
14 	0x0000	0 	0 	0 
15 	0x4cfc	1 	1 	1 
16 	0x0000	0 	0 	0 
17 	0x0000	0 	0 	0 
18 	0x0000	0 	0 	0 
19 	0x6980	7 	7 	7 
20 	0x0000	0 	0 	0 
21 	0x0000	0 	0 	0 
22 	0x0000	0 	0 	0 
23 	0x0000	0 	0 	0 
24 	0x6ade	6 	6 	6 
25 	0x0000	0 	0 	0 
26 	0x69b2	7 	7 	7 
27 	0x0000	0 	0 	0 
T 	2022-02-05 20:26:00	 700 	c1935 	  162 
S

List 	First 	Count  	ArrayCount 	TraverseCount 
0 	0x5c9c	75 	75 	75 
1 	0x0000	0 	0 	0 
2 	0x45c2	1 	1 	1 
3 	0x45f4	1 	1 	1 
4 	0x0000	0 	0 	0 
5 	0x0000	0 	0 	0 
6 	0x0000	0 	0 	0 
7 	0x0000	0 	0 	0 
8 	0x0000	0 	0 	0 
9 	0x5530	31 	31 	31 
10 	0x0000	0 	0 	0 
11 	0x0000	0 	0 	0 
12 	0x0000	0 	0 	0 
13 	0x56f2	131 	131 	131 
14 	0x0000	0 	0 	0 
15 	0x4cfc	1 	1 	1 
16 	0x0000	0 	0 	0 
17 	0x0000	0 	0 	0 
18 	0x0000	0 	0 	0 
19 	0x6980	7 	7 	7 
20 	0x0000	0 	0 	0 
21 	0x0000	0 	0 	0 
22 	0x0000	0 	0 	0 
23 	0x0000	0 	0 	0 
24 	0x4914	6 	6 	6 
25 	0x0000	0 	0 	0 
26 	0x69b2	7 	7 	7 
27 	0x0000	0 	0 	0 
T 	2022-02-05 20:56:40	 578 	c1935 	  162 
S

List 	First 	Count  	ArrayCount 	TraverseCount 
0 	0x74a2	75 	75 	75 
1 	0x0000	0 	0 	0 
2 	0x45c2	1 	1 	1 
3 	0x45f4	1 	1 	1 
4 	0x0000	0 	0 	0 
5 	0x0000	0 	0 	0 
6 	0x0000	0 	0 	0 
7 	0x0000	0 	0 	0 
8 	0x0000	0 	0 	0 
9 	0x4c98	37 	37 	37 
10 	0x0000	0 	0 	0 
11 	0x0000	0 	0 	0 
12 	0x0000	0 	0 	0 
13 	0x6d04	125 	125 	125 
14 	0x0000	0 	0 	0 
15 	0x4cfc	1 	1 	1 
16 	0x0000	0 	0 	0 
17 	0x0000	0 	0 	0 
18 	0x0000	0 	0 	0 
19 	0x6980	7 	7 	7 
20 	0x0000	0 	0 	0 
21 	0x0000	0 	0 	0 
22 	0x0000	0 	0 	0 
23 	0x0000	0 	0 	0 
24 	0x6408	6 	6 	6 
25 	0x0000	0 	0 	0 
26 	0x69b2	7 	7 	7 
27 	0x0000	0 	0 	0 
T 	2022-02-05 21:34:01	 915 	c1935 	  162 
S

List 	First 	Count  	ArrayCount 	TraverseCount 
0 	0x6ef8	75 	75 	75 
1 	0x0000	0 	0 	0 
2 	0x45c2	1 	1 	1 
3 	0x45f4	1 	1 	1 
4 	0x0000	0 	0 	0 
5 	0x0000	0 	0 	0 
6 	0x0000	0 	0 	0 
7 	0x0000	0 	0 	0 
8 	0x0000	0 	0 	0 
9 	0x4e8c	49 	49 	49 
10 	0x0000	0 	0 	0 
11 	0x0000	0 	0 	0 
12 	0x0000	0 	0 	0 
13 	0x4cca	113 	113 	113 
14 	0x0000	0 	0 	0 
15 	0x4cfc	1 	1 	1 
16 	0x0000	0 	0 	0 
17 	0x0000	0 	0 	0 
18 	0x0000	0 	0 	0 
19 	0x6980	7 	7 	7 
20 	0x0000	0 	0 	0 
21 	0x0000	0 	0 	0 
22 	0x0000	0 	0 	0 
23 	0x0000	0 	0 	0 
24 	0x74a2	6 	6 	6 
25 	0x0000	0 	0 	0 
26 	0x69b2	7 	7 	7 
27 	0x0000	0 	0 	0 
T 	2022-02-05 22:22:26	 631 	c1935 	  162 
S

List 	First 	Count  	ArrayCount 	TraverseCount 
0 	0x46bc	75 	75 	75 
1 	0x0000	0 	0 	0 
2 	0x45c2	1 	1 	1 
3 	0x45f4	1 	1 	1 
4 	0x0000	0 	0 	0 
5 	0x0000	0 	0 	0 
6 	0x0000	0 	0 	0 
7 	0x0000	0 	0 	0 
8 	0x0000	0 	0 	0 
9 	0x7024	54 	54 	54 
10 	0x0000	0 	0 	0 
11 	0x0000	0 	0 	0 
12 	0x0000	0 	0 	0 
13 	0x52a6	108 	108 	108 
14 	0x0000	0 	0 	0 
15 	0x4cfc	1 	1 	1 
16 	0x0000	0 	0 	0 
17 	0x0000	0 	0 	0 
18 	0x0000	0 	0 	0 
19 	0x6980	7 	7 	7 
20 	0x0000	0 	0 	0 
21 	0x0000	0 	0 	0 
22 	0x0000	0 	0 	0 
23 	0x0000	0 	0 	0 
24 	0x6ef8	6 	6 	6 
25 	0x0000	0 	0 	0 
26 	0x69b2	7 	7 	7 
27 	0x0000	0 	0 	0 
T 	2022-02-05 23:16:26	 636 	c1935 	  162 
S

List 	First 	Count  	ArrayCount 	TraverseCount 
0 	0x48b0	75 	75 	75 
1 	0x0000	0 	0 	0 
2 	0x45c2	1 	1 	1 
3 	0x45f4	1 	1 	1 
4 	0x0000	0 	0 	0 
5 	0x0000	0 	0 	0 
6 	0x0000	0 	0 	0 
7 	0x0000	0 	0 	0 
8 	0x0000	0 	0 	0 
9 	0x487e	55 	55 	55 
10 	0x0000	0 	0 	0 
11 	0x0000	0 	0 	0 
12 	0x0000	0 	0 	0 
13 	0x4df6	107 	107 	107 
14 	0x0000	0 	0 	0 
15 	0x4cfc	1 	1 	1 
16 	0x0000	0 	0 	0 
17 	0x0000	0 	0 	0 
18 	0x0000	0 	0 	0 
19 	0x6980	7 	7 	7 
20 	0x0000	0 	0 	0 
21 	0x0000	0 	0 	0 
22 	0x0000	0 	0 	0 
23 	0x0000	0 	0 	0 
24 	0x46bc	6 	6 	6 
25 	0x0000	0 	0 	0 
26 	0x69b2	7 	7 	7 
27 	0x0000	0 	0 	0 
T 	2022-02-06 00:12:01	 323 	c1935 	  162 
S

List 	First 	Count  	ArrayCount 	TraverseCount 
0 	0x6084	75 	75 	75 
1 	0x0000	0 	0 	0 
2 	0x45c2	1 	1 	1 
3 	0x45f4	1 	1 	1 
4 	0x0000	0 	0 	0 
5 	0x0000	0 	0 	0 
6 	0x0000	0 	0 	0 
7 	0x0000	0 	0 	0 
8 	0x0000	0 	0 	0 
9 	0x7538	32 	32 	32 
10 	0x0000	0 	0 	0 
11 	0x0000	0 	0 	0 
12 	0x0000	0 	0 	0 
13 	0x57ba	130 	130 	130 
14 	0x0000	0 	0 	0 
15 	0x4cfc	1 	1 	1 
16 	0x0000	0 	0 	0 
17 	0x0000	0 	0 	0 
18 	0x0000	0 	0 	0 
19 	0x6980	7 	7 	7 
20 	0x0000	0 	0 	0 
21 	0x0000	0 	0 	0 
22 	0x0000	0 	0 	0 
23 	0x0000	0 	0 	0 
24 	0x5ef4	6 	6 	6 
25 	0x0000	0 	0 	0 
26 	0x69b2	7 	7 	7 
27 	0x0000	0 	0 	0 
T 	2022-02-06 00:43:28	  99 	c1935 	  162 
S

List 	First 	Count  	ArrayCount 	TraverseCount 
0 	0x6dfe	75 	75 	75 
1 	0x0000	0 	0 	0 
2 	0x45c2	1 	1 	1 
3 	0x45f4	1 	1 	1 
4 	0x0000	0 	0 	0 
5 	0x0000	0 	0 	0 
6 	0x0000	0 	0 	0 
7 	0x0000	0 	0 	0 
8 	0x0000	0 	0 	0 
9 	0x5210	36 	36 	36 
10 	0x0000	0 	0 	0 
11 	0x0000	0 	0 	0 
12 	0x0000	0 	0 	0 
13 	0x4978	126 	126 	126 
14 	0x0000	0 	0 	0 
15 	0x4cfc	1 	1 	1 
16 	0x0000	0 	0 	0 
17 	0x0000	0 	0 	0 
18 	0x0000	0 	0 	0 
19 	0x6980	7 	7 	7 
20 	0x0000	0 	0 	0 
21 	0x0000	0 	0 	0 
22 	0x0000	0 	0 	0 
23 	0x0000	0 	0 	0 
24 	0x6084	6 	6 	6 
25 	0x0000	0 	0 	0 
26 	0x69b2	7 	7 	7 
27 	0x0000	0 	0 	0 
T 	2022-02-06 01:19:29	 704 	c1935 	  162 
S

List 	First 	Count  	ArrayCount 	TraverseCount 
0 	0x49dc	75 	75 	75 
1 	0x0000	0 	0 	0 
2 	0x45c2	1 	1 	1 
3 	0x45f4	1 	1 	1 
4 	0x0000	0 	0 	0 
5 	0x0000	0 	0 	0 
6 	0x0000	0 	0 	0 
7 	0x0000	0 	0 	0 
8 	0x0000	0 	0 	0 
9 	0x5dfa	35 	35 	35 
10 	0x0000	0 	0 	0 
11 	0x0000	0 	0 	0 
12 	0x0000	0 	0 	0 
13 	0x5850	127 	127 	127 
14 	0x0000	0 	0 	0 
15 	0x4cfc	1 	1 	1 
16 	0x0000	0 	0 	0 
17 	0x0000	0 	0 	0 
18 	0x0000	0 	0 	0 
19 	0x6980	7 	7 	7 
20 	0x0000	0 	0 	0 
21 	0x0000	0 	0 	0 
22 	0x0000	0 	0 	0 
23 	0x0000	0 	0 	0 
24 	0x6dfe	6 	6 	6 
25 	0x0000	0 	0 	0 
26 	0x69b2	7 	7 	7 
27 	0x0000	0 	0 	0 
T 	2022-02-06 01:54:56	 578 	c1935 	  162 
S

List 	First 	Count  	ArrayCount 	TraverseCount 
0 	0x5e2c	75 	75 	75 
1 	0x0000	0 	0 	0 
2 	0x45c2	1 	1 	1 
3 	0x45f4	1 	1 	1 
4 	0x0000	0 	0 	0 
5 	0x0000	0 	0 	0 
6 	0x0000	0 	0 	0 
7 	0x5d64	1 	1 	1 
8 	0x0000	0 	0 	0 
9 	0x48e2	43 	43 	43 
10 	0x0000	0 	0 	0 
11 	0x0000	0 	0 	0 
12 	0x65fc	5 	5 	5 
13 	0x4b6c	112 	112 	112 
14 	0x455e	1 	1 	1 
15 	0x4cfc	1 	1 	1 
16 	0x0000	0 	0 	0 
17 	0x0000	0 	0 	0 
18 	0x0000	0 	0 	0 
19 	0x6980	7 	7 	7 
20 	0x0000	0 	0 	0 
21 	0x0000	0 	0 	0 
22 	0x0000	0 	0 	0 
23 	0x0000	0 	0 	0 
24 	0x49dc	6 	6 	6 
25 	0x0000	0 	0 	0 
26 	0x69b2	7 	7 	7 
27 	0x0000	0 	0 	0 
T 	2022-02-06 02:37:26	 641 	c1935 	  163 
S

List 	First 	Count  	ArrayCount 	TraverseCount 
0 	0x5c06	75 	75 	75 
1 	0x0000	0 	0 	0 
2 	0x45c2	1 	1 	1 
3 	0x45f4	1 	1 	1 
4 	0x0000	0 	0 	0 
5 	0x0000	0 	0 	0 
6 	0x0000	0 	0 	0 
7 	0x0000	0 	0 	0 
8 	0x0000	0 	0 	0 
9 	0x5f8a	44 	44 	44 
10 	0x0000	0 	0 	0 
11 	0x0000	0 	0 	0 
12 	0x0000	0 	0 	0 
13 	0x6502	118 	118 	118 
14 	0x0000	0 	0 	0 
15 	0x4cfc	1 	1 	1 
16 	0x0000	0 	0 	0 
17 	0x0000	0 	0 	0 
18 	0x0000	0 	0 	0 
19 	0x6980	7 	7 	7 
20 	0x0000	0 	0 	0 
21 	0x0000	0 	0 	0 
22 	0x0000	0 	0 	0 
23 	0x0000	0 	0 	0 
24 	0x5e2c	6 	6 	6 
25 	0x0000	0 	0 	0 
26 	0x69b2	7 	7 	7 
27 	0x0000	0 	0 	0 
T 	2022-02-06 03:22:06	 530 	c1935 	  163 
S

List 	First 	Count  	ArrayCount 	TraverseCount 
0 	0x6b74	75 	75 	75 
1 	0x0000	0 	0 	0 
2 	0x45c2	1 	1 	1 
3 	0x45f4	1 	1 	1 
4 	0x0000	0 	0 	0 
5 	0x0000	0 	0 	0 
6 	0x0000	0 	0 	0 
7 	0x0000	0 	0 	0 
8 	0x0000	0 	0 	0 
9 	0x59e0	42 	42 	42 
10 	0x0000	0 	0 	0 
11 	0x0000	0 	0 	0 
12 	0x0000	0 	0 	0 
13 	0x4ebe	120 	120 	120 
14 	0x0000	0 	0 	0 
15 	0x4cfc	1 	1 	1 
16 	0x0000	0 	0 	0 
17 	0x0000	0 	0 	0 
18 	0x0000	0 	0 	0 
19 	0x6980	7 	7 	7 
20 	0x0000	0 	0 	0 
21 	0x0000	0 	0 	0 
22 	0x0000	0 	0 	0 
23 	0x0000	0 	0 	0 
24 	0x5c06	6 	6 	6 
25 	0x0000	0 	0 	0 
26 	0x69b2	7 	7 	7 
27 	0x0000	0 	0 	0 
T 	2022-02-06 04:03:57	 398 	c1935 	  163 
S

List 	First 	Count  	ArrayCount 	TraverseCount 
0 	0x7344	75 	75 	75 
1 	0x0000	0 	0 	0 
2 	0x45c2	1 	1 	1 
3 	0x45f4	1 	1 	1 
4 	0x0000	0 	0 	0 
5 	0x0000	0 	0 	0 
6 	0x0000	0 	0 	0 
7 	0x0000	0 	0 	0 
8 	0x0000	0 	0 	0 
9 	0x68ea	30 	30 	30 
10 	0x0000	0 	0 	0 
11 	0x0000	0 	0 	0 
12 	0x0000	0 	0 	0 
13 	0x4b3a	132 	132 	132 
14 	0x0000	0 	0 	0 
15 	0x4cfc	1 	1 	1 
16 	0x0000	0 	0 	0 
17 	0x0000	0 	0 	0 
18 	0x0000	0 	0 	0 
19 	0x6980	7 	7 	7 
20 	0x0000	0 	0 	0 
21 	0x0000	0 	0 	0 
22 	0x0000	0 	0 	0 
23 	0x0000	0 	0 	0 
24 	0x6fc0	6 	6 	6 
25 	0x0000	0 	0 	0 
26 	0x69b2	7 	7 	7 
27 	0x0000	0 	0 	0 
T 	2022-02-06 04:33:51	 808 	c1935 	  163 
S

List 	First 	Count  	ArrayCount 	TraverseCount 
0 	0x7632	75 	75 	75 
1 	0x0000	0 	0 	0 
2 	0x45c2	1 	1 	1 
3 	0x45f4	1 	1 	1 
4 	0x0000	0 	0 	0 
5 	0x0000	0 	0 	0 
6 	0x0000	0 	0 	0 
7 	0x0000	0 	0 	0 
8 	0x0000	0 	0 	0 
9 	0x5f58	40 	40 	40 
10 	0x0000	0 	0 	0 
11 	0x0000	0 	0 	0 
12 	0x0000	0 	0 	0 
13 	0x4df6	122 	122 	122 
14 	0x0000	0 	0 	0 
15 	0x4cfc	1 	1 	1 
16 	0x0000	0 	0 	0 
17 	0x0000	0 	0 	0 
18 	0x0000	0 	0 	0 
19 	0x6980	7 	7 	7 
20 	0x0000	0 	0 	0 
21 	0x0000	0 	0 	0 
22 	0x0000	0 	0 	0 
23 	0x0000	0 	0 	0 
24 	0x7344	6 	6 	6 
25 	0x0000	0 	0 	0 
26 	0x69b2	7 	7 	7 
27 	0x0000	0 	0 	0 
T 	2022-02-06 05:13:26	 632 	c1935 	  163 
S

List 	First 	Count  	ArrayCount 	TraverseCount 
0 	0x4b08	75 	75 	75 
1 	0x0000	0 	0 	0 
2 	0x45c2	1 	1 	1 
3 	0x45f4	1 	1 	1 
4 	0x0000	0 	0 	0 
5 	0x0000	0 	0 	0 
6 	0x0000	0 	0 	0 
7 	0x0000	0 	0 	0 
8 	0x0000	0 	0 	0 
9 	0x5c06	46 	46 	46 
10 	0x0000	0 	0 	0 
11 	0x0000	0 	0 	0 
12 	0x0000	0 	0 	0 
13 	0x694e	116 	116 	116 
14 	0x0000	0 	0 	0 
15 	0x4cfc	1 	1 	1 
16 	0x0000	0 	0 	0 
17 	0x0000	0 	0 	0 
18 	0x0000	0 	0 	0 
19 	0x6980	7 	7 	7 
20 	0x0000	0 	0 	0 
21 	0x0000	0 	0 	0 
22 	0x0000	0 	0 	0 
23 	0x0000	0 	0 	0 
24 	0x7632	6 	6 	6 
25 	0x0000	0 	0 	0 
26 	0x69b2	7 	7 	7 
27 	0x0000	0 	0 	0 
T 	2022-02-06 06:00:08	 588 	c1935 	  163 
S

List 	First 	Count  	ArrayCount 	TraverseCount 
0 	0x5210	75 	75 	75 
1 	0x0000	0 	0 	0 
2 	0x45c2	1 	1 	1 
3 	0x45f4	1 	1 	1 
4 	0x0000	0 	0 	0 
5 	0x0000	0 	0 	0 
6 	0x0000	0 	0 	0 
7 	0x0000	0 	0 	0 
8 	0x0000	0 	0 	0 
9 	0x4978	30 	30 	30 
10 	0x0000	0 	0 	0 
11 	0x0000	0 	0 	0 
12 	0x0000	0 	0 	0 
13 	0x62dc	132 	132 	132 
14 	0x0000	0 	0 	0 
15 	0x4cfc	1 	1 	1 
16 	0x0000	0 	0 	0 
17 	0x0000	0 	0 	0 
18 	0x0000	0 	0 	0 
19 	0x6980	7 	7 	7 
20 	0x0000	0 	0 	0 
21 	0x0000	0 	0 	0 
22 	0x0000	0 	0 	0 
23 	0x0000	0 	0 	0 
24 	0x5ada	6 	6 	6 
25 	0x0000	0 	0 	0 
26 	0x69b2	7 	7 	7 
27 	0x0000	0 	0 	0 
T 	2022-02-06 06:30:01	 838 	c1935 	  163 
S

List 	First 	Count  	ArrayCount 	TraverseCount 
0 	0x50b2	75 	75 	75 
1 	0x0000	0 	0 	0 
2 	0x45c2	1 	1 	1 
3 	0x45f4	1 	1 	1 
4 	0x0000	0 	0 	0 
5 	0x0000	0 	0 	0 
6 	0x0000	0 	0 	0 
7 	0x0000	0 	0 	0 
8 	0x0000	0 	0 	0 
9 	0x56f2	33 	33 	33 
10 	0x0000	0 	0 	0 
11 	0x0000	0 	0 	0 
12 	0x0000	0 	0 	0 
13 	0x46ee	129 	129 	129 
14 	0x0000	0 	0 	0 
15 	0x4cfc	1 	1 	1 
16 	0x0000	0 	0 	0 
17 	0x0000	0 	0 	0 
18 	0x0000	0 	0 	0 
19 	0x6980	7 	7 	7 
20 	0x0000	0 	0 	0 
21 	0x0000	0 	0 	0 
22 	0x0000	0 	0 	0 
23 	0x0000	0 	0 	0 
24 	0x5210	6 	6 	6 
25 	0x0000	0 	0 	0 
26 	0x69b2	7 	7 	7 
27 	0x0000	0 	0 	0 
T 	2022-02-06 07:03:06	 174 	c1935 	  163 
S

List 	First 	Count  	ArrayCount 	TraverseCount 
0 	0x4a0e	75 	75 	75 
1 	0x0000	0 	0 	0 
2 	0x45c2	1 	1 	1 
3 	0x45f4	1 	1 	1 
4 	0x0000	0 	0 	0 
5 	0x0000	0 	0 	0 
6 	0x0000	0 	0 	0 
7 	0x0000	0 	0 	0 
8 	0x0000	0 	0 	0 
9 	0x7632	38 	38 	38 
10 	0x0000	0 	0 	0 
11 	0x0000	0 	0 	0 
12 	0x0000	0 	0 	0 
13 	0x4752	124 	124 	124 
14 	0x0000	0 	0 	0 
15 	0x4cfc	1 	1 	1 
16 	0x0000	0 	0 	0 
17 	0x0000	0 	0 	0 
18 	0x0000	0 	0 	0 
19 	0x6980	7 	7 	7 
20 	0x0000	0 	0 	0 
21 	0x0000	0 	0 	0 
22 	0x0000	0 	0 	0 
23 	0x0000	0 	0 	0 
24 	0x691c	6 	6 	6 
25 	0x0000	0 	0 	0 
26 	0x69b2	7 	7 	7 
27 	0x0000	0 	0 	0 
T 	2022-02-06 07:40:47	 310 	c1935 	  163 
S

List 	First 	Count  	ArrayCount 	TraverseCount 
0 	0x5c38	75 	75 	75 
1 	0x0000	0 	0 	0 
2 	0x45c2	1 	1 	1 
3 	0x45f4	1 	1 	1 
4 	0x0000	0 	0 	0 
5 	0x0000	0 	0 	0 
6 	0x0000	0 	0 	0 
7 	0x0000	0 	0 	0 
8 	0x0000	0 	0 	0 
9 	0x5116	24 	24 	24 
10 	0x0000	0 	0 	0 
11 	0x0000	0 	0 	0 
12 	0x0000	0 	0 	0 
13 	0x74a2	138 	138 	138 
14 	0x0000	0 	0 	0 
15 	0x4cfc	1 	1 	1 
16 	0x0000	0 	0 	0 
17 	0x0000	0 	0 	0 
18 	0x0000	0 	0 	0 
19 	0x6980	7 	7 	7 
20 	0x0000	0 	0 	0 
21 	0x0000	0 	0 	0 
22 	0x0000	0 	0 	0 
23 	0x0000	0 	0 	0 
24 	0x4a0e	6 	6 	6 
25 	0x0000	0 	0 	0 
26 	0x69b2	7 	7 	7 
27 	0x0000	0 	0 	0 
T 	2022-02-06 08:04:31	 717 	c1935 	  163 
S

List 	First 	Count  	ArrayCount 	TraverseCount 
0 	0x6ec6	75 	75 	75 
1 	0x0000	0 	0 	0 
2 	0x45c2	1 	1 	1 
3 	0x45f4	1 	1 	1 
4 	0x0000	0 	0 	0 
5 	0x0000	0 	0 	0 
6 	0x0000	0 	0 	0 
7 	0x0000	0 	0 	0 
8 	0x0000	0 	0 	0 
9 	0x44fa	27 	27 	27 
10 	0x0000	0 	0 	0 
11 	0x0000	0 	0 	0 
12 	0x0000	0 	0 	0 
13 	0x5210	135 	135 	135 
14 	0x0000	0 	0 	0 
15 	0x4cfc	1 	1 	1 
16 	0x0000	0 	0 	0 
17 	0x0000	0 	0 	0 
18 	0x0000	0 	0 	0 
19 	0x6980	7 	7 	7 
20 	0x0000	0 	0 	0 
21 	0x0000	0 	0 	0 
22 	0x0000	0 	0 	0 
23 	0x0000	0 	0 	0 
24 	0x4bd0	6 	6 	6 
25 	0x0000	0 	0 	0 
26 	0x69b2	7 	7 	7 
27 	0x0000	0 	0 	0 
T 	2022-02-06 08:31:40	  94 	c1935 	  163 
S

List 	First 	Count  	ArrayCount 	TraverseCount 
0 	0x743e	75 	75 	75 
1 	0x0000	0 	0 	0 
2 	0x45c2	1 	1 	1 
3 	0x45f4	1 	1 	1 
4 	0x0000	0 	0 	0 
5 	0x0000	0 	0 	0 
6 	0x0000	0 	0 	0 
7 	0x0000	0 	0 	0 
8 	0x0000	0 	0 	0 
9 	0x54cc	34 	34 	34 
10 	0x0000	0 	0 	0 
11 	0x0000	0 	0 	0 
12 	0x0000	0 	0 	0 
13 	0x5dc8	128 	128 	128 
14 	0x0000	0 	0 	0 
15 	0x4cfc	1 	1 	1 
16 	0x0000	0 	0 	0 
17 	0x0000	0 	0 	0 
18 	0x0000	0 	0 	0 
19 	0x6980	7 	7 	7 
20 	0x0000	0 	0 	0 
21 	0x0000	0 	0 	0 
22 	0x0000	0 	0 	0 
23 	0x0000	0 	0 	0 
24 	0x6ec6	6 	6 	6 
25 	0x0000	0 	0 	0 
26 	0x69b2	7 	7 	7 
27 	0x0000	0 	0 	0 
T 	2022-02-06 09:05:59	  99 	c1935 	  163 
S

List 	First 	Count  	ArrayCount 	TraverseCount 
0 	0x63d6	75 	75 	75 
1 	0x0000	0 	0 	0 
2 	0x45c2	1 	1 	1 
3 	0x45f4	1 	1 	1 
4 	0x0000	0 	0 	0 
5 	0x0000	0 	0 	0 
6 	0x0000	0 	0 	0 
7 	0x0000	0 	0 	0 
8 	0x0000	0 	0 	0 
9 	0x6d9a	51 	51 	51 
10 	0x0000	0 	0 	0 
11 	0x0000	0 	0 	0 
12 	0x0000	0 	0 	0 
13 	0x7376	113 	113 	113 
14 	0x0000	0 	0 	0 
15 	0x4cfc	1 	1 	1 
16 	0x0000	0 	0 	0 
17 	0x0000	0 	0 	0 
18 	0x0000	0 	0 	0 
19 	0x6980	6 	6 	6 
20 	0x0000	0 	0 	0 
21 	0x0000	0 	0 	0 
22 	0x0000	0 	0 	0 
23 	0x0000	0 	0 	0 
24 	0x4f54	6 	6 	6 
25 	0x0000	0 	0 	0 
26 	0x69b2	6 	6 	6 
27 	0x0000	0 	0 	0 
T 	2022-02-06 09:57:01	 448 	c1935 	  163 
S

List 	First 	Count  	ArrayCount 	TraverseCount 
0 	0x59e0	75 	75 	75 
1 	0x0000	0 	0 	0 
2 	0x45c2	1 	1 	1 
3 	0x45f4	1 	1 	1 
4 	0x0000	0 	0 	0 
5 	0x0000	0 	0 	0 
6 	0x0000	0 	0 	0 
7 	0x0000	0 	0 	0 
8 	0x0000	0 	0 	0 
9 	0x5c38	32 	32 	32 
10 	0x0000	0 	0 	0 
11 	0x0000	0 	0 	0 
12 	0x0000	0 	0 	0 
13 	0x6dcc	138 	138 	138 
14 	0x0000	0 	0 	0 
15 	0x4cfc	1 	1 	1 
16 	0x0000	0 	0 	0 
17 	0x0000	0 	0 	0 
18 	0x0000	0 	0 	0 
19 	0x6980	3 	3 	3 
20 	0x0000	0 	0 	0 
21 	0x0000	0 	0 	0 
22 	0x0000	0 	0 	0 
23 	0x0000	0 	0 	0 
24 	0x63d6	6 	6 	6 
25 	0x0000	0 	0 	0 
26 	0x69b2	3 	3 	3 
27 	0x0000	0 	0 	0 
T 	2022-02-06 10:29:20	 178 	c1935 	  163 
S

List 	First 	Count  	ArrayCount 	TraverseCount 
0 	0x6d9a	75 	75 	75 
1 	0x0000	0 	0 	0 
2 	0x45c2	1 	1 	1 
3 	0x45f4	1 	1 	1 
4 	0x0000	0 	0 	0 
5 	0x0000	0 	0 	0 
6 	0x0000	0 	0 	0 
7 	0x7024	19 	19 	19 
8 	0x0000	0 	0 	0 
9 	0x756a	39 	39 	39 
10 	0x0000	0 	0 	0 
11 	0x0000	0 	0 	0 
12 	0x6340	24 	24 	24 
13 	0x4e8c	72 	72 	72 
14 	0x4bd0	6 	6 	6 
15 	0x4cfc	1 	1 	1 
16 	0x0000	0 	0 	0 
17 	0x0000	0 	0 	0 
18 	0x0000	0 	0 	0 
19 	0x6980	5 	5 	5 
20 	0x4720	3 	3 	3 
21 	0x0000	0 	0 	0 
22 	0x0000	0 	0 	0 
23 	0x0000	0 	0 	0 
24 	0x59e0	6 	6 	6 
25 	0x0000	0 	0 	0 
26 	0x69b2	5 	5 	5 
27 	0x6bd8	3 	3 	3 
T 	2022-02-06 11:08:15	 969 	c1935 	  169 
S

List 	First 	Count  	ArrayCount 	TraverseCount 
0 	0x54cc	75 	75 	75 
1 	0x0000	0 	0 	0 
2 	0x45c2	1 	1 	1 
3 	0x45f4	1 	1 	1 
4 	0x0000	0 	0 	0 
5 	0x0000	0 	0 	0 
6 	0x0000	0 	0 	0 
7 	0x67f0	13 	13 	13 
8 	0x0000	0 	0 	0 
9 	0x691c	35 	35 	35 
10 	0x0000	0 	0 	0 
11 	0x0000	0 	0 	0 
12 	0x4ad6	12 	12 	12 
13 	0x6aac	91 	91 	91 
14 	0x4aa4	3 	3 	3 
15 	0x4cfc	1 	1 	1 
16 	0x0000	0 	0 	0 
17 	0x0000	0 	0 	0 
18 	0x0000	0 	0 	0 
19 	0x6980	8 	8 	8 
20 	0x4432	3 	3 	3 
21 	0x0000	0 	0 	0 
22 	0x0000	0 	0 	0 
23 	0x0000	0 	0 	0 
24 	0x4590	6 	6 	6 
25 	0x0000	0 	0 	0 
26 	0x69b2	8 	8 	8 
27 	0x71b4	3 	3 	3 
T 	2022-02-06 11:42:26	 647 	c1935 	  172 
S

List 	First 	Count  	ArrayCount 	TraverseCount 
0 	0x6a48	72 	72 	72 
1 	0x0000	0 	0 	0 
2 	0x45c2	1 	1 	1 
3 	0x45f4	1 	1 	1 
4 	0x0000	0 	0 	0 
5 	0x0000	0 	0 	0 
6 	0x0000	0 	0 	0 
7 	0x5d64	32 	32 	32 
8 	0x0000	0 	0 	0 
9 	0x4b9e	20 	20 	20 
10 	0x0000	0 	0 	0 
11 	0x0000	0 	0 	0 
12 	0x56c0	44 	44 	44 
13 	0x6ade	29 	29 	29 
14 	0x533c	10 	10 	10 
15 	0x4cfc	1 	1 	1 
16 	0x0000	0 	0 	0 
17 	0x0000	0 	0 	0 
18 	0x0000	0 	0 	0 
19 	0x6980	14 	14 	14 
20 	0x7664	8 	8 	8 
21 	0x0000	0 	0 	0 
22 	0x0000	0 	0 	0 
23 	0x0000	0 	0 	0 
24 	0x54cc	6 	6 	6 
25 	0x0000	0 	0 	0 
26 	0x69b2	14 	14 	14 
27 	0x501c	8 	8 	8 
T 	2022-02-06 12:03:23	 829 	c1935 	  183 
S

List 	First 	Count  	ArrayCount 	TraverseCount 
0 	0x5ec2	73 	73 	73 
1 	0x0000	0 	0 	0 
2 	0x45c2	1 	1 	1 
3 	0x45f4	1 	1 	1 
4 	0x0000	0 	0 	0 
5 	0x0000	0 	0 	0 
6 	0x0000	0 	0 	0 
7 	0x4ebe	26 	26 	26 
8 	0x0000	0 	0 	0 
9 	0x5bd4	27 	27 	27 
10 	0x0000	0 	0 	0 
11 	0x0000	0 	0 	0 
12 	0x5468	33 	33 	33 
13 	0x5116	35 	35 	35 
14 	0x7376	9 	9 	9 
15 	0x4cfc	1 	1 	1 
16 	0x0000	0 	0 	0 
17 	0x0000	0 	0 	0 
18 	0x0000	0 	0 	0 
19 	0x6980	19 	19 	19 
20 	0x7150	5 	5 	5 
21 	0x0000	0 	0 	0 
22 	0x0000	0 	0 	0 
23 	0x0000	0 	0 	0 
24 	0x61b0	6 	6 	6 
25 	0x0000	0 	0 	0 
26 	0x69b2	19 	19 	19 
27 	0x4d92	5 	5 	5 
T 	2022-02-06 12:29:53	 640 	c1935 	  191 
S

List 	First 	Count  	ArrayCount 	TraverseCount 
0 	0x4fea	75 	75 	75 
1 	0x0000	0 	0 	0 
2 	0x45c2	1 	1 	1 
3 	0x45f4	1 	1 	1 
4 	0x0000	0 	0 	0 
5 	0x0000	0 	0 	0 
6 	0x0000	0 	0 	0 
7 	0x4c98	24 	24 	24 
8 	0x0000	0 	0 	0 
9 	0x6c0a	20 	20 	20 
10 	0x0000	0 	0 	0 
11 	0x0000	0 	0 	0 
12 	0x617e	27 	27 	27 
13 	0x64d0	45 	45 	45 
14 	0x55c6	6 	6 	6 
15 	0x4cfc	1 	1 	1 
16 	0x0000	0 	0 	0 
17 	0x0000	0 	0 	0 
18 	0x0000	0 	0 	0 
19 	0x6980	22 	22 	22 
20 	0x6b74	5 	5 	5 
21 	0x0000	0 	0 	0 
22 	0x0000	0 	0 	0 
23 	0x0000	0 	0 	0 
24 	0x5ec2	6 	6 	6 
25 	0x0000	0 	0 	0 
26 	0x69b2	22 	22 	22 
27 	0x594a	5 	5 	5 
T 	2022-02-06 12:50:00	 661 	c1935 	  197 
S

List 	First 	Count  	ArrayCount 	TraverseCount 
0 	0x7088	75 	75 	75 
1 	0x0000	0 	0 	0 
2 	0x45c2	1 	1 	1 
3 	0x45f4	1 	1 	1 
4 	0x0000	0 	0 	0 
5 	0x0000	0 	0 	0 
6 	0x0000	0 	0 	0 
7 	0x0000	0 	0 	0 
8 	0x0000	0 	0 	0 
9 	0x581e	40 	40 	40 
10 	0x0000	0 	0 	0 
11 	0x0000	0 	0 	0 
12 	0x0000	0 	0 	0 
13 	0x5e2c	92 	92 	92 
14 	0x0000	0 	0 	0 
15 	0x4cfc	1 	1 	1 
16 	0x0000	0 	0 	0 
17 	0x0000	0 	0 	0 
18 	0x0000	0 	0 	0 
19 	0x6980	22 	22 	22 
20 	0x0000	0 	0 	0 
21 	0x0000	0 	0 	0 
22 	0x0000	0 	0 	0 
23 	0x0000	0 	0 	0 
24 	0x4fea	6 	6 	6 
25 	0x0000	0 	0 	0 
26 	0x69b2	22 	22 	22 
27 	0x0000	0 	0 	0 
T 	2022-02-06 13:29:26	 649 	c1935 	  197 
S

List 	First 	Count  	ArrayCount 	TraverseCount 
0 	0x4dc4	75 	75 	75 
1 	0x0000	0 	0 	0 
2 	0x45c2	1 	1 	1 
3 	0x45f4	1 	1 	1 
4 	0x0000	0 	0 	0 
5 	0x0000	0 	0 	0 
6 	0x0000	0 	0 	0 
7 	0x0000	0 	0 	0 
8 	0x0000	0 	0 	0 
9 	0x47e8	31 	31 	31 
10 	0x0000	0 	0 	0 
11 	0x0000	0 	0 	0 
12 	0x0000	0 	0 	0 
13 	0x5918	101 	101 	101 
14 	0x0000	0 	0 	0 
15 	0x4cfc	1 	1 	1 
16 	0x0000	0 	0 	0 
17 	0x0000	0 	0 	0 
18 	0x0000	0 	0 	0 
19 	0x6980	22 	22 	22 
20 	0x0000	0 	0 	0 
21 	0x0000	0 	0 	0 
22 	0x0000	0 	0 	0 
23 	0x0000	0 	0 	0 
24 	0x7696	6 	6 	6 
25 	0x0000	0 	0 	0 
26 	0x69b2	22 	22 	22 
27 	0x0000	0 	0 	0 
T 	2022-02-06 14:00:36	 593 	c1935 	  197 
S

List 	First 	Count  	ArrayCount 	TraverseCount 
0 	0x56f2	75 	75 	75 
1 	0x0000	0 	0 	0 
2 	0x45c2	1 	1 	1 
3 	0x45f4	1 	1 	1 
4 	0x0000	0 	0 	0 
5 	0x0000	0 	0 	0 
6 	0x0000	0 	0 	0 
7 	0x73a8	10 	10 	10 
8 	0x0000	0 	0 	0 
9 	0x65fc	24 	24 	24 
10 	0x0000	0 	0 	0 
11 	0x0000	0 	0 	0 
12 	0x60b6	16 	16 	16 
13 	0x6d04	68 	68 	68 
14 	0x727c	4 	4 	4 
15 	0x4cfc	1 	1 	1 
16 	0x0000	0 	0 	0 
17 	0x0000	0 	0 	0 
18 	0x0000	0 	0 	0 
19 	0x6980	24 	24 	24 
20 	0x5148	3 	3 	3 
21 	0x0000	0 	0 	0 
22 	0x0000	0 	0 	0 
23 	0x0000	0 	0 	0 
24 	0x662e	6 	6 	6 
25 	0x0000	0 	0 	0 
26 	0x69b2	24 	24 	24 
27 	0x5468	3 	3 	3 
T 	2022-02-06 14:25:00	 600 	c1935 	  201 
S

List 	First 	Count  	ArrayCount 	TraverseCount 
0 	0x5d64	75 	75 	75 
1 	0x0000	0 	0 	0 
2 	0x45c2	1 	1 	1 
3 	0x45f4	1 	1 	1 
4 	0x0000	0 	0 	0 
5 	0x0000	0 	0 	0 
6 	0x0000	0 	0 	0 
7 	0x0000	0 	0 	0 
8 	0x0000	0 	0 	0 
9 	0x4fb8	29 	29 	29 
10 	0x0000	0 	0 	0 
11 	0x0000	0 	0 	0 
12 	0x0000	0 	0 	0 
13 	0x6dfe	99 	99 	99 
14 	0x0000	0 	0 	0 
15 	0x4cfc	1 	1 	1 
16 	0x0000	0 	0 	0 
17 	0x0000	0 	0 	0 
18 	0x0000	0 	0 	0 
19 	0x6980	24 	24 	24 
20 	0x0000	0 	0 	0 
21 	0x0000	0 	0 	0 
22 	0x0000	0 	0 	0 
23 	0x0000	0 	0 	0 
24 	0x56f2	6 	6 	6 
25 	0x0000	0 	0 	0 
26 	0x69b2	24 	24 	24 
27 	0x0000	0 	0 	0 
T 	2022-02-06 14:54:13	1014 	c1935 	  201 
S

List 	First 	Count  	ArrayCount 	TraverseCount 
0 	0x71b4	75 	75 	75 
1 	0x0000	0 	0 	0 
2 	0x45c2	1 	1 	1 
3 	0x45f4	1 	1 	1 
4 	0x0000	0 	0 	0 
5 	0x0000	0 	0 	0 
6 	0x0000	0 	0 	0 
7 	0x0000	0 	0 	0 
8 	0x0000	0 	0 	0 
9 	0x6534	28 	28 	28 
10 	0x0000	0 	0 	0 
11 	0x0000	0 	0 	0 
12 	0x0000	0 	0 	0 
13 	0x44fa	100 	100 	100 
14 	0x0000	0 	0 	0 
15 	0x4cfc	1 	1 	1 
16 	0x0000	0 	0 	0 
17 	0x0000	0 	0 	0 
18 	0x0000	0 	0 	0 
19 	0x6980	24 	24 	24 
20 	0x0000	0 	0 	0 
21 	0x0000	0 	0 	0 
22 	0x0000	0 	0 	0 
23 	0x0000	0 	0 	0 
24 	0x5d64	6 	6 	6 
25 	0x0000	0 	0 	0 
26 	0x69b2	24 	24 	24 
27 	0x0000	0 	0 	0 
T 	2022-02-06 15:21:26	 613 	c1935 	  201 
S

List 	First 	Count  	ArrayCount 	TraverseCount 
0 	0x4658	75 	75 	75 
1 	0x0000	0 	0 	0 
2 	0x45c2	1 	1 	1 
3 	0x45f4	1 	1 	1 
4 	0x0000	0 	0 	0 
5 	0x0000	0 	0 	0 
6 	0x0000	0 	0 	0 
7 	0x0000	0 	0 	0 
8 	0x0000	0 	0 	0 
9 	0x6c6e	34 	34 	34 
10 	0x0000	0 	0 	0 
11 	0x0000	0 	0 	0 
12 	0x0000	0 	0 	0 
13 	0x630e	94 	94 	94 
14 	0x0000	0 	0 	0 
15 	0x4cfc	1 	1 	1 
16 	0x0000	0 	0 	0 
17 	0x0000	0 	0 	0 
18 	0x0000	0 	0 	0 
19 	0x6980	24 	24 	24 
20 	0x0000	0 	0 	0 
21 	0x0000	0 	0 	0 
22 	0x0000	0 	0 	0 
23 	0x0000	0 	0 	0 
24 	0x71b4	6 	6 	6 
25 	0x0000	0 	0 	0 
26 	0x69b2	24 	24 	24 
27 	0x0000	0 	0 	0 
T 	2022-02-06 15:55:56	 853 	c1935 	  201 
S

List 	First 	Count  	ArrayCount 	TraverseCount 
0 	0x662e	74 	74 	74 
1 	0x0000	0 	0 	0 
2 	0x45c2	1 	1 	1 
3 	0x45f4	1 	1 	1 
4 	0x0000	0 	0 	0 
5 	0x0000	0 	0 	0 
6 	0x0000	0 	0 	0 
7 	0x4c02	9 	9 	9 
8 	0x0000	0 	0 	0 
9 	0x5bd4	21 	21 	21 
10 	0x0000	0 	0 	0 
11 	0x0000	0 	0 	0 
12 	0x47b6	37 	37 	37 
13 	0x61b0	49 	49 	49 
14 	0x71b4	9 	9 	9 
15 	0x4cfc	1 	1 	1 
16 	0x0000	0 	0 	0 
17 	0x0000	0 	0 	0 
18 	0x0000	0 	0 	0 
19 	0x6980	25 	25 	25 
20 	0x5ada	1 	1 	1 
21 	0x0000	0 	0 	0 
22 	0x0000	0 	0 	0 
23 	0x0000	0 	0 	0 
24 	0x4658	6 	6 	6 
25 	0x0000	0 	0 	0 
26 	0x69b2	25 	25 	25 
27 	0x691c	1 	1 	1 
T 	2022-02-06 16:16:54	 998 	c1935 	  209 
S

List 	First 	Count  	ArrayCount 	TraverseCount 
0 	0x55f8	74 	74 	74 
1 	0x0000	0 	0 	0 
2 	0x45c2	1 	1 	1 
3 	0x45f4	1 	1 	1 
4 	0x0000	0 	0 	0 
5 	0x0000	0 	0 	0 
6 	0x0000	0 	0 	0 
7 	0x4590	18 	18 	18 
8 	0x0000	0 	0 	0 
9 	0x5d96	1 	1 	1 
10 	0x0000	0 	0 	0 
11 	0x0000	0 	0 	0 
12 	0x662e	90 	90 	90 
13 	0x6408	1 	1 	1 
14 	0x6566	17 	17 	17 
15 	0x4cfc	1 	1 	1 
16 	0x0000	0 	0 	0 
17 	0x0000	0 	0 	0 
18 	0x0000	0 	0 	0 
19 	0x6980	25 	25 	25 
20 	0x0000	0 	0 	0 
21 	0x0000	0 	0 	0 
22 	0x0000	0 	0 	0 
23 	0x0000	0 	0 	0 
24 	0x6822	6 	6 	6 
25 	0x0000	0 	0 	0 
26 	0x69b2	25 	25 	25 
27 	0x0000	0 	0 	0 
T 	2022-02-06 16:17:26	 343 	c1935 	  227 
S

List 	First 	Count  	ArrayCount 	TraverseCount 
0 	0x7600	70 	70 	70 
1 	0x0000	0 	0 	0 
2 	0x45c2	1 	1 	1 
3 	0x45f4	1 	1 	1 
4 	0x0000	0 	0 	0 
5 	0x0000	0 	0 	0 
6 	0x0000	0 	0 	0 
7 	0x54cc	20 	20 	20 
8 	0x0000	0 	0 	0 
9 	0x0000	0 	0 	0 
10 	0x0000	0 	0 	0 
11 	0x0000	0 	0 	0 
12 	0x727c	94 	94 	94 
13 	0x0000	0 	0 	0 
14 	0x6dcc	17 	17 	17 
15 	0x4cfc	1 	1 	1 
16 	0x0000	0 	0 	0 
17 	0x0000	0 	0 	0 
18 	0x0000	0 	0 	0 
19 	0x6980	25 	25 	25 
20 	0x0000	0 	0 	0 
21 	0x0000	0 	0 	0 
22 	0x0000	0 	0 	0 
23 	0x0000	0 	0 	0 
24 	0x4720	6 	6 	6 
25 	0x0000	0 	0 	0 
26 	0x69b2	25 	25 	25 
27 	0x0000	0 	0 	0 
T 	2022-02-06 16:17:56	 204 	c1935 	  250 
S

List 	First 	Count  	ArrayCount 	TraverseCount 
0 	0x4590	78 	78 	78 
1 	0x0000	0 	0 	0 
2 	0x45c2	1 	1 	1 
3 	0x45f4	1 	1 	1 
4 	0x0000	0 	0 	0 
5 	0x0000	0 	0 	0 
6 	0x0000	0 	0 	0 
7 	0x4f86	18 	18 	18 
8 	0x0000	0 	0 	0 
9 	0x4496	1 	1 	1 
10 	0x0000	0 	0 	0 
11 	0x0000	0 	0 	0 
12 	0x56c0	85 	85 	85 
13 	0x52a6	3 	3 	3 
14 	0x57ec	17 	17 	17 
15 	0x4cfc	1 	1 	1 
16 	0x0000	0 	0 	0 
17 	0x0000	0 	0 	0 
18 	0x0000	0 	0 	0 
19 	0x6980	25 	25 	25 
20 	0x0000	0 	0 	0 
21 	0x0000	0 	0 	0 
22 	0x0000	0 	0 	0 
23 	0x0000	0 	0 	0 
24 	0x562a	5 	5 	5 
25 	0x0000	0 	0 	0 
26 	0x69b2	25 	25 	25 
27 	0x0000	0 	0 	0 
T 	2022-02-06 16:19:11	 677 	c1935 	  267 
S

List 	First 	Count  	ArrayCount 	TraverseCount 
0 	0x517a	202 	202 	202 
1 	0x0000	0 	0 	0 
2 	0x45c2	1 	1 	1 
3 	0x45f4	1 	1 	1 
4 	0x0000	0 	0 	0 
5 	0x0000	0 	0 	0 
6 	0x0000	0 	0 	0 
7 	0x0000	0 	0 	0 
8 	0x0000	0 	0 	0 
9 	0x0000	0 	0 	0 
10 	0x0000	0 	0 	0 
11 	0x0000	0 	0 	0 
12 	0x0000	0 	0 	0 
13 	0x0000	0 	0 	0 
14 	0x0000	0 	0 	0 
15 	0x4cfc	1 	1 	1 
16 	0x0000	0 	0 	0 
17 	0x0000	0 	0 	0 
18 	0x0000	0 	0 	0 
19 	0x6980	25 	25 	25 
20 	0x0000	0 	0 	0 
21 	0x0000	0 	0 	0 
22 	0x0000	0 	0 	0 
23 	0x0000	0 	0 	0 
24 	0x4590	5 	5 	5 
25 	0x0000	0 	0 	0 
26 	0x69b2	25 	25 	25 
27 	0x0000	0 	0 	0 
T 	2022-02-06 16:19:20	 714 	c1935 	  267 
S

List 	First 	Count  	ArrayCount 	TraverseCount 
0 	0x662e	197 	197 	197 
1 	0x0000	0 	0 	0 
2 	0x45c2	1 	1 	1 
3 	0x45f4	1 	1 	1 
4 	0x0000	0 	0 	0 
5 	0x0000	0 	0 	0 
6 	0x0000	0 	0 	0 
7 	0x0000	0 	0 	0 
8 	0x0000	0 	0 	0 
9 	0x5b70	3 	3 	3 
10 	0x0000	0 	0 	0 
11 	0x0000	0 	0 	0 
12 	0x0000	0 	0 	0 
13 	0x6372	2 	2 	2 
14 	0x0000	0 	0 	0 
15 	0x4cfc	1 	1 	1 
16 	0x0000	0 	0 	0 
17 	0x0000	0 	0 	0 
18 	0x0000	0 	0 	0 
19 	0x6980	25 	25 	25 
20 	0x0000	0 	0 	0 
21 	0x0000	0 	0 	0 
22 	0x0000	0 	0 	0 
23 	0x0000	0 	0 	0 
24 	0x517a	5 	5 	5 
25 	0x0000	0 	0 	0 
26 	0x69b2	25 	25 	25 
27 	0x0000	0 	0 	0 
T 	2022-02-06 16:21:43	 668 	c1935 	  267 
S
